1581.4171239 1.00031893482 0.000245900999289 
1581.41780499 0.999813872049 0.000246021110797 
1581.41848608 0.999912267123 0.000246019713813 
1581.41916717 1.00041832134 0.000245918345172 
1581.41984836 0.999756006795 0.00024610265973 
1581.42052945 0.999822780084 0.000246105308179 
1581.42121054 0.999947525284 0.000246093521127 
1581.42189163 0.999648972418 0.00024618639145 
1581.42257282 1.00037717924 0.000246026582317 
1581.42325381 0.99978250914 0.000246192648774 
1581.4239349 1.00033682295 0.00024607591331 
1581.42461609 1.00010140065 0.000246153620537 
1581.42529718 1.00004960461 0.000246186333243 
1581.42597827 0.999740483542 0.000246282725129 
1581.42665946 1.00037473216 0.000246146664722 
1581.42734055 0.999938147218 0.000246274692472 
1581.42802164 1.00029747293 0.000246206909651 
1581.42870263 0.999484225851 0.000246428069659 
1581.42938382 0.999836362648 0.000246362149483 
1581.43006491 0.999940908097 0.000246357638389 
1581.4307461 1.00035383268 0.000246277078986 
1581.43142719 0.999941849388 0.000246399868047 
1581.43210829 0.999963838999 0.000246415991569 
1581.43278948 0.999970897189 0.000246435840381 
1581.43347057 1.00005349614 0.000246437411988 
1581.43415156 0.999725054911 0.000246540119406 
1581.43483275 0.999770749932 0.000246536161285 
1581.43551384 1.00010278295 0.000246461160714 
1581.43619493 1.00020559917 0.000246443174547 
1581.43687612 1.00033478543 0.000246418843744 
1581.43755721 0.999766485029 0.000246566574788 
1581.4382384 1.00047368643 0.000246400100878 
1581.43891949 1.00048689975 0.000246404582867 
1581.43960058 1.00024880636 0.000246471405262 
1581.44028157 1.00019348851 0.000246490933932 
1581.44096276 0.999746444873 0.000246604875429 
1581.44164385 0.99997481981 0.000246552313911 
1581.44232494 1.00014702161 0.000246514100581 
1581.44300613 1.00009961546 0.000246529991273 
1581.44368722 1.00062685827 0.000246404670179 
1581.44436831 0.999952109029 0.000246575393248 
1581.4450494 0.999455132407 0.000246702722507 
1581.44573049 1.00001014307 0.00024657062022 
1581.44641158 0.999820463447 0.000246622483246 
1581.44709277 1.00007520792 0.00024656477035 
1581.44777386 0.999992670138 0.000246590265306 
1581.44845495 1.00018068834 0.000246549461735 
1581.44913605 0.999661646138 0.000246683135629 
1581.44981724 1.00012979813 0.000246573181357 
1581.45049833 1.0000138769 0.000246607989538 
1581.45117932 1.00005694985 0.000246577372309 
1581.45186051 1.00023707293 0.000246513081947 
1581.4525416 1.00000079571 0.000246551615419 
1581.45322269 1.00033378378 0.000246450043051 
1581.45390388 0.999746164596 0.000246575509664 
1581.45458497 0.999887587164 0.00024652123102 
1581.45526606 0.999535495261 0.000246588897426 
1581.45594725 0.999732208772 0.000246521522058 
1581.45662824 0.999799858628 0.0002464861318 
1581.45730933 1.00031112776 0.000246341602178 
1581.45799042 0.99983680624 0.000246440089541 
1581.45867161 1.00003357905 0.000246373005211 
1581.4593527 1.00019349137 0.000246315408731 
1581.46003389 1.00038330472 0.000246250565397 
1581.46071498 0.999627058747 0.000246416748269 
1581.46139607 1.00051518184 0.000246175739449 
1581.46207726 0.999819430692 0.000246324983891 
1581.46275825 1.00041857938 0.000246155512286 
1581.46343934 0.999891509246 0.000246263458394 
1581.46412053 0.999794057343 0.000246265699388 
1581.46480162 1.00011907029 0.000246164068813 
1581.46548272 0.999786216618 0.000246224779403 
1581.46616391 1.00042752413 0.000246045558015 
1581.466845 1.00021228697 0.000246077484917 
1581.46752609 1.00011919615 0.000246104114922 
1581.46820718 0.999895242534 0.000246162991971 
1581.46888827 1.00004195658 0.000246130453888 
1581.46956936 0.999886522733 0.000246173120104 
1581.47025055 1.00021771561 0.000246095500188 
1581.47093164 1.00019226923 0.000246106239501 
1581.47161273 1.00031793914 0.000246079900535 
1581.47229382 1.00049020001 0.000246042181971 
1581.47297501 0.999984172376 0.000246171461185 
1581.473656 0.999539856146 0.000246286042966 
1581.47433709 0.999883229818 0.000246206414886 
1581.47501828 0.999618060728 0.000246277166298 
1581.47569937 0.999964096275 0.000246197130764 
1581.47638046 1.00019164236 0.000246146926656 
1581.47706165 1.00036651754 0.00024610949913 
1581.47774274 1.00036830638 0.000246115028858 
1581.47842383 0.999874635906 0.000246242532739 
1581.47910502 1.00016629101 0.000246176990913 
1581.47978601 1.00056436784 0.000246085430263 
1581.4804671 0.999831696596 0.000246272160439 
1581.48114819 1.000174292 0.000246192183113 
1581.48182939 0.999727256915 0.000246304494794 
1581.48251048 1.00039400894 0.000246142823016 
1581.48319157 0.99988451688 0.000246270763455 
1581.48387276 0.999874887455 0.000246281502768 
1581.48455385 0.999785340731 0.00024631220731 
1581.48523484 0.99995399655 0.000246279145358 
1581.48591603 0.999831948115 0.000246317882556 
1581.48659712 0.999845152921 0.000246323645115 
1581.48727821 0.999282397046 0.000246471405262 
1581.4879594 1.00045313607 0.000246192328632 
1581.48864049 1.00063069372 0.000246157986112 
1581.48932168 1.00002006184 0.00024631791166 
1581.49000277 1.00038468915 0.000246237788815 
1581.49068376 0.999933168462 0.000246358773438 
1581.49136485 0.99979707145 0.000246402254561 
1581.49204604 1.0000149173 0.00024635886075 
1581.49272713 1.00035406076 0.000246285606408 
1581.49340832 0.999743597699 0.000246446405072 
1581.49408941 1.00019158152 0.000246346578933 
1581.4947705 1.00002382689 0.00024639867479 
1581.49545169 1.00003176384 0.000246407551458 
1581.49613268 0.999966796199 0.000246434734436 
1581.49681377 0.999833329269 0.000246478739427 
1581.49749497 1.00035955297 0.000246360286837 
1581.49817606 1.00067420216 0.000246294424869 
1581.49885715 0.999809711883 0.000246519077336 
1581.49953824 0.999880879994 0.000246513227466 
1581.50021943 1.00014266772 0.00024644707446 
1581.50090052 1.00024988091 0.00024641919299 
1581.50158161 0.999719387132 0.000246546202106 
1581.5022627 0.999982889283 0.000246475363383 
1581.50294379 0.999901237351 0.00024649023544 
1581.50362488 1.00027548597 0.000246392475674 
1581.50430607 1.00009102664 0.000246432668064 
1581.50498716 1.00027291303 0.000246382609475 
1581.50566825 0.999895215115 0.000246470532147 
1581.50634934 0.999919838516 0.000246459618211 
1581.50703053 0.999983109264 0.000246439187322 
1581.50771152 0.999955912149 0.000246441457421 
1581.50839261 1.00007628173 0.000246407522354 
1581.5090738 1.00020808687 0.000246370764216 
1581.50975489 1.00036275492 0.000246328563662 
1581.51043598 0.999757555442 0.000246473908192 
1581.51111717 1.00010978846 0.000246383075137 
1581.51179826 1.00002197745 0.000246401148615 
1581.51247945 0.999816487706 0.000246448209509 
1581.51316045 1.00023638941 0.000246341543971 
1581.51384154 1.00001504464 0.000246393028647 
1581.51452263 0.999957104679 0.000246403855272 
1581.51520382 0.999567234123 0.000246497424087 
1581.51588491 1.00016183909 0.000246347975917 
1581.516566 1.0000880785 0.000246352545219 
1581.51724719 1.00003540468 0.000246352079557 
1581.51792828 0.999844841976 0.00024638598552 
1581.51860927 1.00007938835 0.000246315146796 
1581.51929046 0.999671030312 0.000246402836638 
1581.51997155 0.999697404388 0.000246383453486 
1581.52065264 0.999931037879 0.000246313400567 
1581.52133383 0.999770352222 0.000246340467129 
1581.52201492 1.00018057072 0.000246224779403 
1581.52269611 0.999991737072 0.000246254523518 
1581.5233772 0.999760786672 0.00024629503605 
1581.52405829 1.00037659527 0.000246126932325 
1581.52473928 1.00011744456 0.000246174604399 
1581.52542047 1.00013328856 0.000246154289925 
1581.52610156 1.00016494588 0.000246130861342 
1581.52678265 1.0001509212 0.000246118288487 
1581.52746384 0.999885681081 0.000246167939622 
1581.52814493 1.00000779893 0.000246122392127 
1581.52882603 0.999820754299 0.000246152980253 
1581.52950722 1.00010360902 0.000246068491833 
1581.53018821 0.999690850596 0.000246154901106 
1581.5308693 1.00015725918 0.000246025243541 
1581.53155049 0.999860400085 0.000246083480306 
1581.53223158 0.999907857777 0.000246057054028 
1581.53291267 1.0000387623 0.000246033479925 
1581.53359376 1.00034628116 0.000245966337388 
1581.53427495 1.00006517747 0.000246044131927 
1581.53495604 0.999900078828 0.000246093608439 
1581.53563703 0.999499695301 0.0002462012053 
1581.53631822 1.00039649229 0.000245989765972 
1581.53699931 1.00003104512 0.000246088806307 
1581.5376804 0.999896691301 0.000246131297899 
1581.53836159 1.00000124297 0.000246115203481 
1581.53904268 0.999858988943 0.000246160198003 
1581.53972377 0.999850237945 0.0002461723343 
1581.54040496 0.999753668156 0.000246206182055 
1581.54108595 0.999974139524 0.000246162118856 
1581.54176704 1.00023683021 0.000246107985731 
1581.54244813 0.999755518612 0.000246234616498 
1581.54312932 1.00013410507 0.000246147450525 
1581.54381041 1.00012447318 0.000246156094363 
1581.54449161 0.999856605332 0.000246228417382 
1581.5451727 1.00024313725 0.000246139825322 
1581.54585379 0.999893554883 0.000246232782956 
1581.54653498 0.999913786751 0.000246234645601 
1581.54721597 1.00001482668 0.000246216717642 
1581.54789706 0.99990506665 0.000246250943746 
1581.54857825 1.0000131327 0.00024623182253 
1581.54925934 1.00021521145 0.000246190378675 
1581.54994043 1.00005887217 0.000246237410465 
1581.55062162 1.00005538989 0.000246246956522 
1581.55130271 0.999999204287 0.000246269715717 
1581.5519838 1.00031813331 0.000246199953835 
1581.55266489 0.999648860483 0.000246374082053 
1581.55334598 1.00011085712 0.000246269337367 
1581.55402707 0.999899201121 0.00024633097928 
1581.55470826 1.00000638815 0.000246314099059 
1581.55538935 0.999522553584 0.000246442941716 
1581.55607044 0.999914226084 0.000246356416028 
1581.55675153 0.999634121825 0.000246435432928 
1581.55743272 1.00056443561 0.000246216543019 
1581.55811371 1.00014709448 0.000246329582296 
1581.5587949 1.00029823855 0.000246302806772 
1581.559476 1.00023325354 0.000246329582296 
1581.56015709 0.999456929241 0.000246531504672 
1581.56083818 1.00002687332 0.000246402050834 
1581.56151937 1.00053650078 0.000246287614573 
1581.56220046 0.999756428496 0.000246490730206 
1581.56288155 0.999852183072 0.000246476265602 
1581.56356264 0.99988031841 0.00024647617829 
1581.56424373 0.999882984567 0.000246482988587 
1581.56492482 0.999803975322 0.000246509560384 
1581.56560591 0.999753950853 0.000246508687269 
1581.5662871 1.00030209827 0.000246360345045 
1581.56696819 0.999733816325 0.000246487528784 
1581.56764928 1.00010273147 0.000246383773629 
1581.56833047 1.0000641115 0.000246380572207 
1581.56901156 0.999786599764 0.00024643636425 
1581.56969255 0.999903435757 0.000246395269642 
1581.57037374 1.00023463416 0.000246301322477 
1581.57105483 0.999804257578 0.000246395240538 
1581.57173592 1.00008183694 0.000246314768447 
1581.57241711 0.999904439493 0.000246346695349 
1581.5730982 0.999931697983 0.000246328330832 
1581.5737794 1.00049488236 0.000246178038651 
1581.57446049 0.999847446828 0.000246326322667 
1581.57514148 1.00021991813 0.000246223382419 
1581.57582257 1.00003371217 0.000246258219704 
1581.57650376 1.00064002059 0.00024609794491 
1581.57718485 0.999950330745 0.000246257084655 
1581.57786604 1.00031317527 0.000246157258516 
1581.57854713 0.999678150416 0.000246303010499 
1581.57922822 1.000029477 0.000246206211159 
1581.57990941 1.00020256664 0.000246153620537 
1581.5805904 1.00009805667 0.000246169278398 
1581.58127149 0.999768722528 0.000246240524575 
1581.58195268 0.999799490067 0.000246230571065 
1581.58263377 1.00041444372 0.000246077310294 
1581.58331486 1.0000850054 0.000246154115302 
1581.58399595 1.00023262576 0.000246111158049 
1581.58467714 0.9996793106 0.000246241077548 
1581.58535823 1.00001834015 0.000246151903411 
1581.58603922 1.00005438583 0.000246137147769 
1581.58672041 1.00026262305 0.000246079871431 
1581.5874015 1.00010012712 0.000246114301262 
1581.5880826 1.00037075906 0.000246042385697 
1581.58876379 0.999909583373 0.000246150593739 
1581.58944488 1.00022936233 0.000246066832915 
1581.59012597 0.99962687758 0.000246209936449 
1581.59080716 0.999881572605 0.000246142299147 
1581.59148825 1.0004376987 0.000246001087362 
1581.59216924 1.00065656297 0.00024594264687 
1581.59285033 1.0001592361 0.000246060633799 
1581.59353152 1.00002486501 0.000246089242864 
1581.59421261 0.999845721182 0.000246129260631 
1581.5948937 1.00011540579 0.000246059062192 
1581.59557489 1.00031486923 0.000246006180532 
1581.59625598 1.00005134237 0.000246067560511 
1581.59693717 1.00029208747 0.000246004841756 
1581.59761816 0.999976742856 0.000246078911005 
1581.59829925 0.999785313072 0.000246155454079 
1581.59898034 1.00058216917 0.00024598906748 
1581.59966153 1.00012968077 0.000246130250162 
1581.60034262 1.00025358553 0.000246129464358 
1581.60102371 1.00006913014 0.000246205017902 
1581.60170491 0.999776687973 0.000246307085035 
1581.602386 1.00000155619 0.000246282259468 
1581.60306699 1.00017024837 0.000246271200012 
1581.60374818 0.999841768673 0.000246380252065 
1581.60442927 1.00009651842 0.000246343930485 
1581.60511036 0.999826901566 0.000246436917223 
1581.60579155 0.999564381236 0.000246528099524 
1581.60647264 1.00025298899 0.000246385141509 
1581.60715383 1.00026795645 0.000246408133535 
1581.60783492 1.0003409144 0.000246417155722 
1581.60851591 1.00009582796 0.000246504758252 
1581.609197 1.00024432847 0.000246495415922 
1581.60987819 0.999989603732 0.000246585637797 
1581.61055928 0.999736700115 0.000246675452217 
1581.61124037 1.00003007163 0.000246630836045 
1581.61192156 1.00012673085 0.000246635026997 
1581.61260265 1.00018737898 0.000246648065513 
1581.61328374 1.00016281175 0.000246682204306 
1581.61396493 1.00024279063 0.000246690789936 
1581.61464592 1.00008381166 0.000246719835559 
1581.61532701 1.00008384297 0.000246709852945 
1581.61600821 1.00026836375 0.000246654526563 
1581.6166893 1.00009005471 0.000246688781772 
1581.61737039 0.999977651321 0.000246706884354 
1581.61805148 1.0001340406 0.000246659066761 
1581.61873267 1.00009541937 0.000246659328695 
1581.61941376 1.0001464021 0.000246637588134 
1581.62009475 0.999939130052 0.000246679905104 
1581.62077594 0.999528195328 0.000246772746323 
1581.62145703 0.999998919752 0.000246647803579 
1581.62213812 1.00018957456 0.000246592098847 
1581.62281931 0.999645941738 0.000246717827395 
1581.6235004 1.00010881542 0.000246595736826 
1581.62418149 1.00001661246 0.000246608105954 
1581.62486268 0.999545942307 0.000246711948421 
1581.62554367 1.00020730195 0.0002465362777 
1581.62622476 0.999842802037 0.00024661392672 
1581.62690585 1.00059224292 0.00024641744676 
1581.62758704 0.999883263964 0.0002465803409 
1581.62826813 1.00005193617 0.000246527168201 
1581.62894932 1.00008007707 0.000246508658165 
1581.62963041 0.99952684624 0.000246633775532 
1581.63031151 0.999695458321 0.000246581068495 
1581.6309925 0.99944965211 0.000246648152824 
1581.63167369 0.999576106563 0.000246623210842 
1581.63235478 0.99998185349 0.000246530107688 
1581.63303597 1.00015054232 0.000246495445026 
1581.63371706 1.00014354566 0.000246504263487 
1581.63439815 1.00012073642 0.000246516836341 
1581.63507934 1.00011988925 0.000246524548857 
1581.63576043 0.999957416464 0.000246572046308 
1581.63644162 1.00048370534 0.00024645018857 
1581.63712261 0.999716845815 0.000246646697633 
1581.6378037 0.999617654711 0.000246679352131 
1581.63848479 1.00010071954 0.000246568291914 
1581.63916598 1.0002316492 0.000246544310357 
1581.63984707 1.00020268811 0.000246559764491 
1581.64052816 1.0004127136 0.000246516778134 
1581.64120935 0.999550205035 0.000246738083661 
1581.64189044 0.999908512853 0.00024665845558 
1581.64257143 1.00033811832 0.000246561481617 
1581.64325262 0.99983128923 0.00024669553386 
1581.64393372 1.00017564137 0.000246620242251 
1581.64461481 0.999569676963 0.000246776820859 
1581.6452959 1.00048938508 0.000246554875048 
1581.64597709 1.00004220899 0.000246670300839 
1581.64665818 0.999877992296 0.000246716313995 
1581.64733927 1.00024256764 0.000246614130447 
1581.64802036 0.999822726036 0.000246705312748 
1581.64870145 1.00021188041 0.00024659736664 
1581.64938254 0.999792929867 0.000246688607149 
1581.65006373 0.999883418252 0.000246654322837 
1581.65074482 1.00018473951 0.000246568699367 
1581.65142591 0.99977721649 0.00024665746605 
1581.6521071 0.999807106022 0.000246638839599 
1581.65278819 1.00043436669 0.000246472976869 
1581.65346928 0.999845809977 0.000246607029112 
1581.65415027 1.00040279482 0.000246458628681 
1581.65483146 0.999852898394 0.000246583455009 
1581.65551255 1.00025963624 0.000246472627623 
1581.65619364 1.00061907726 0.00024637390743 
1581.65687484 0.999842453407 0.000246554700425 
1581.65755593 1.00011301554 0.000246477866312 
1581.65823712 0.999851298268 0.000246532523306 
1581.65891821 1.00015963786 0.000246446667006 
1581.6595992 0.99987507344 0.000246506970143 
1581.66028029 1.00040044023 0.00024636805756 
1581.66096148 1.00026779386 0.000246391427936 
1581.66164257 1.00036447599 0.000246358278673 
1581.66232376 1.00022041304 0.000246384646744 
1581.66300485 0.999883134106 0.000246458803304 
1581.66368594 0.999856817807 0.000246467272518 
1581.66436713 0.99953019687 0.000246550131124 
1581.66504812 0.999967544788 0.00024644221412 
1581.66572921 1.00041123513 0.000246330833761 
1581.6664104 1.00020302961 0.000246380310273 
1581.66709149 1.00001858348 0.00024642405333 
1581.66777258 1.00006956223 0.00024640999618 
1581.66845377 0.999636622428 0.000246515177423 
1581.66913486 1.00027080493 0.000246357580181 
1581.66981595 0.999814944437 0.000246468815021 
1581.67049705 1.00027174607 0.000246355310082 
1581.67117814 1.00002316295 0.000246415904257 
1581.67185923 1.00050290846 0.000246296898695 
1581.67254032 1.00046778802 0.000246305018663 
1581.67322151 1.00003116223 0.000246412295382 
1581.6739026 1.0003474653 0.000246334238909 
1581.67458369 0.999678172717 0.00024649896659 
1581.67526488 1.00028075099 0.00024635050795 
1581.67594597 0.99986264982 0.000246453826549 
1581.67662696 1.00029662867 0.000246347306529 
1581.67730815 0.999888181765 0.000246448500548 
1581.67798924 0.999933005697 0.000246438139584 
1581.67867033 0.999808325031 0.000246469659032 
1581.67935142 1.00013773483 0.000246389390668 
1581.68003261 1.00004992119 0.00024640376796 
1581.6807137 0.999966506925 0.000246417126618 
1581.68139479 1.00038471405 0.000246306881309 
1581.68207588 0.99932119996 0.000246562267421 
1581.68275698 1.00030481765 0.000246312964009 
1581.68343807 1.0003285723 0.000246300303843 
1581.68411926 1.00028379315 0.000246304960456 
1581.68480035 0.999990409766 0.00024637079332 
1581.68548144 0.999766484769 0.000246417621383 
1581.68616263 0.999918449465 0.000246369658271 
1581.68684372 1.00033136453 0.000246257695835 
1581.68752471 0.999739355816 0.000246393057751 
1581.6882059 0.999703384062 0.000246391806286 
1581.68888699 0.999892225898 0.000246335432166 
1581.68956808 0.999999412035 0.000246298965067 
1581.69024927 1.00001701075 0.000246285024332 
1581.69093036 1.00025423311 0.000246217125095 
1581.69161155 0.999689490583 0.000246347015491 
1581.69229264 1.00002852348 0.000246254261583 
1581.69297363 0.999607015613 0.000246349023655 
1581.69365472 0.999941628937 0.000246257608524 
1581.69433591 1.0004740609 0.000246117706411 
1581.695017 0.999984729772 0.000246229785262 
1581.69569819 0.999980369248 0.000246222218266 
1581.69637929 1.00032828728 0.000246135488851 
1581.69706038 0.999666032073 0.000246297655394 
1581.69774147 1.00019128898 0.000246167648584 
1581.69842266 1.00005515663 0.000246200448601 
1581.69910365 1.00000248434 0.000246212934144 
1581.69978474 0.999771531268 0.00024626951199 
1581.70046593 1.00004295256 0.000246202689596 
1581.70114702 0.999753152384 0.000246273906669 
1581.70182811 0.999433588196 0.000246352690738 
1581.7025093 0.9998638678 0.000246246927418 
1581.70319039 1.00024337369 0.000246154202614 
1581.70387148 1.00012656056 0.000246183335548 
1581.70455257 0.999963208273 0.000246224575676 
1581.70523366 0.99959879722 0.000246315263212 
1581.70591475 1.00021450585 0.000246162177064 
1581.70659584 1.00035863045 0.000246123498073 
1581.70727703 0.999599768839 0.000246307230555 
1581.70795812 0.999304830531 0.000246376846917 
1581.70863922 0.999291695467 0.000246377225267 
1581.70932041 0.999363704291 0.000246356561547 
1581.7100014 0.999261914976 0.000246379117016 
1581.71068249 0.999465597538 0.00024632649729 
1581.71136358 0.998830233262 0.000246481067734 
1581.71204477 0.998760957057 0.000246496027103 
1581.71272586 0.999617578862 0.00024627672974 
1581.71340705 0.999684342615 0.000246252689976 
1581.71408814 0.999248058686 0.000246353039984 
1581.71476923 0.999028687442 0.000246399780735 
1581.71545022 0.998991863728 0.000246401556069 
1581.71613141 0.998883970566 0.000246421113843 
1581.7168125 0.999183235254 0.00024634055444 
1581.71749369 0.998562084032 0.000246486830292 
1581.71817478 0.99845686831 0.000246506329859 
1581.71885587 0.999143835346 0.000246330513619 
1581.71953706 0.998430620625 0.000246500247158 
1581.72021815 0.99807641146 0.000246581766987 
1581.72089935 0.998986848205 0.000246350769885 
1581.72158034 0.998469302286 0.000246472714935 
1581.72226143 0.998365850195 0.000246492942097 
1581.72294252 0.998446562263 0.000246467447141 
1581.72362371 0.998611483409 0.000246421346674 
1581.7243048 0.998250195413 0.000246505253017 
1581.72498589 0.998185343269 0.00024651613785 
1581.72566708 0.998313391414 0.000246479903581 
1581.72634817 0.998104745715 0.000246524141403 
1581.72702916 0.997769932928 0.000246597832302 
1581.72771035 0.997838326193 0.000246571958996 
1581.72839144 0.997487831777 0.00024664963712 
1581.72907253 0.997645584138 0.00024661043426 
1581.72975372 0.997512426773 0.000246643263381 
1581.73043481 0.998012883016 0.00024651948479 
1581.7311159 0.997430131317 0.000246663752478 
1581.73179699 0.997907756262 0.000246546143899 
1581.73247808 0.997302289765 0.000246696377872 
1581.73315917 0.99769396838 0.000246599898674 
1581.73384027 0.997354913158 0.00024668459082 
1581.73452146 0.997302383052 0.000246698764386 
1581.73520255 0.997359355578 0.000246685609454 
1581.73588364 0.997096607172 0.000246751849772 
1581.73656483 0.996733240738 0.000246843352215 
1581.73724592 0.997618792525 0.00024662562646 
1581.73792691 0.997308670506 0.00024670388666 
1581.738608 0.997449747979 0.000246670853812 
1581.73928919 0.99686294703 0.000246818031883 
1581.73997028 0.996944413256 0.000246800191235 
1581.74065137 0.996771949782 0.000246845418587 
1581.74133256 0.996703691766 0.000246864598012 
1581.74201365 0.997090756213 0.000246771291131 
1581.74269484 0.996584696929 0.000246899580816 
1581.74337593 0.996651258075 0.000246885843808 
1581.74405692 0.996709068863 0.000246874580625 
1581.74473801 0.996339717563 0.000246969633736 
1581.7454192 0.996486784912 0.000246913026785 
1581.7461003 0.996340654818 0.000246929441346 
1581.74678149 0.996405449245 0.000246891664574 
1581.74746258 0.996081705504 0.000246947951382 
1581.74814367 0.996318869394 0.000246865325607 
1581.74882486 0.996381912022 0.000246825657086 
1581.74950585 0.99583684977 0.000246937532211 
1581.75018694 0.995976844194 0.000246879440965 
1581.75086813 0.995475722202 0.000246980285738 
1581.75154922 0.995750350347 0.000246889132541 
1581.75223031 0.995306166521 0.000246975978371 
1581.7529115 0.99549155444 0.000246907467954 
1581.75359259 0.995752192685 0.00024681998184 
1581.75427368 0.996040895222 0.000246725860052 
1581.75495477 0.995541489893 0.000246827316005 
1581.75563586 0.995114006515 0.000246910989517 
1581.75631695 0.995361431439 0.000246827607043 
1581.75699804 0.995474252522 0.000246777781285 
1581.75767923 0.995383350994 0.000246778537985 
1581.75836033 0.995381633376 0.000246757583227 
1581.75904142 0.995346692595 0.000246744719334 
1581.75972261 0.995261047923 0.000246744544711 
1581.7604036 0.99518590021 0.000246741925366 
1581.76108469 0.995392249152 0.000246669718763 
1581.76176588 0.99456114974 0.000246897339821 
1581.76244697 0.994652911811 0.000246896379394 
1581.76312806 0.995230606222 0.00024677492911 
1581.76380915 0.994903748613 0.000246877869358 
1581.76449034 0.994217138989 0.000247070624027 
1581.76517143 0.994819046839 0.000246943352977 
1581.76585252 0.994438167088 0.000247060350375 
1581.76653361 0.994999131127 0.000246943702223 
1581.7672147 0.994361365633 0.000247122487053 
1581.76789579 0.994792956605 0.000247033749474 
1581.76857698 0.994257496747 0.000247185060289 
1581.76925807 0.994409497429 0.000247165822657 
1581.76993917 0.993981627026 0.000247291056439 
1581.77062036 0.994479438285 0.00024718613713 
1581.77130145 0.993954623796 0.000247335934546 
1581.77198244 0.99419564753 0.000247295276495 
1581.77266363 0.994042868294 0.000247352465522 
1581.77334472 0.993915429846 0.000247403804678 
1581.77402581 0.993787134826 0.000247455202043 
1581.774707 0.994298822316 0.000247348070843 
1581.77538809 0.994143407546 0.000247406656854 
1581.77606928 0.993934760266 0.000247478485107 
1581.77675037 0.993874553332 0.000247513962677 
1581.77743136 0.993844903172 0.000247542018769 
1581.77811245 0.993961917638 0.000247495510848 
1581.77879364 0.993947106616 0.00024748253054 
1581.77947473 0.993848487805 0.000247490563197 
1581.78015592 0.993377230358 0.000247591378866 
1581.78083701 0.993846803735 0.000247458199738 
1581.78151811 0.994230138773 0.000247346673859 
1581.7821992 0.994020600163 0.000247382704401 
1581.78288029 0.9935510065 0.000247483723797 
1581.78356138 0.993854784112 0.000247392512392 
1581.78424247 0.993838228764 0.000247381045483 
1581.78492366 0.993499611153 0.00024744993425 
1581.78560475 0.993988450082 0.000247312913416 
1581.78628584 0.994021658832 0.000247289572144 
1581.78696703 0.993564282582 0.000247388321441 
1581.78764812 0.993679518365 0.000247342832154 
1581.78832921 0.993964127652 0.000247252581175 
1581.7890103 0.993576593366 0.000247330026468 
1581.78969139 0.993628116346 0.000247298274189 
1581.79037248 0.993839379964 0.000247226736974 
1581.79105357 0.993979093529 0.000247173360549 
1581.79173476 0.993686686355 0.000247227639193 
1581.79241585 0.993607293711 0.000247229036177 
1581.79309695 0.993758322075 0.000247173476964 
1581.79377814 0.993785412757 0.000247148796916 
1581.79445913 0.993764494089 0.000247165386099 
1581.79514022 0.992892890888 0.000247394113103 
1581.79582141 0.993849229786 0.000247167947236 
1581.7965025 0.993555115392 0.000247253308771 
1581.79718359 0.993371022474 0.000247311312705 
1581.79786478 0.99363896045 0.000247257004958 
1581.79854587 0.993613681069 0.000247275893344 
1581.79922696 0.993089323426 0.000247419025982 
1581.79990795 0.993336244869 0.000247370480793 
1581.80058914 0.993495085872 0.000247343996307 
1581.80127023 0.993669662656 0.000247313524596 
1581.80195142 0.993385199471 0.000247397751082 
1581.80263251 0.993098200799 0.000247482734267 
1581.8033136 0.993388751462 0.000247423915425 
1581.80399479 0.993517056863 0.000247405725531 
1581.80467589 0.993444658598 0.000247437827056 
1581.80535688 0.99295266014 0.00024757423671 
1581.80603807 0.993493587635 0.000247453775955 
1581.80671916 0.993170789913 0.00024754847982 
1581.80740025 0.993097544572 0.000247581221629 
1581.80808144 0.993507642794 0.00024749149452 
1581.80876253 0.993599307601 0.000247478747042 
1581.80944362 0.993636867195 0.000247480085818 
1581.81012481 0.993289593394 0.000247576885158 
1581.8108059 0.993113400482 0.000247607618803 
1581.81148689 0.993200666926 0.000247572403168 
1581.81216808 0.992857906029 0.000247644638876 
1581.81284917 0.993382203233 0.00024750069133 
1581.81353026 0.993691166129 0.000247410935117 
1581.81421145 0.993349981004 0.000247483345447 
1581.81489254 0.993706938855 0.000247381802183 
1581.81557363 0.993298565061 0.000247471063631 
1581.81625473 0.993419005487 0.00024742889218 
1581.81693582 0.99325325884 0.000247458112426 
1581.81761691 0.993267248841 0.000247442600084 
1581.818298 0.993789143461 0.000247300777119 
1581.81897919 0.99361286193 0.000247332907747 
1581.81966028 0.993572746815 0.000247331598075 
1581.82034137 0.993354621368 0.000247374380706 
1581.82102256 0.992883598043 0.000247480522376 
1581.82170365 0.993244750446 0.000247379735811 
1581.82238464 0.993211629391 0.000247376912739 
1581.82306573 0.993134891665 0.000247385207331 
1581.82374692 0.993210818683 0.000247355928877 
1581.82442801 0.993219573597 0.000247343239607 
1581.8251091 0.993328661782 0.000247305812081 
1581.82579029 0.993201314828 0.000247327436227 
1581.82647138 0.993499749507 0.000247242918704 
1581.82715258 0.993355802401 0.000247306685196 
1581.82783367 0.993204896937 0.00024737228523 
1581.82851466 0.992654597193 0.0002475354122 
1581.82919575 0.99324334486 0.000247412710451 
1581.82987694 0.993658740024 0.000247332965955 
1581.83055803 0.992974733906 0.000247527757892 
1581.83123922 0.993198071962 0.000247496151133 
1581.83192031 0.993363871097 0.000247479445534 
1581.8326014 0.993192899288 0.000247546442552 
1581.83328259 0.993180716775 0.000247574353125 
1581.83396358 0.992969654873 0.000247651594691 
1581.83464467 0.992611279763 0.00024776608916 
1581.83532586 0.993027282817 0.000247687625233 
1581.83600695 0.993347478029 0.000247633142862 
1581.83668804 0.993125040364 0.000247713876888 
1581.83736923 0.993228883625 0.000247713760473 
1581.83805032 0.993165229903 0.000247755262535 
1581.83873142 0.993149558314 0.000247785268584 
1581.83941241 0.993050146284 0.000247836054768 
1581.8400936 0.992948999866 0.000247887423029 
1581.84077469 0.993038868579 0.000247891264735 
1581.84145588 0.993400950005 0.000247827381827 
1581.84213697 0.993255272302 0.000247890508035 
1581.84281806 0.993331208491 0.000247898278758 
1581.84349915 0.993017185767 0.00024794426281 
1581.84418034 0.99283668075 0.000247957359534 
1581.84486133 0.993059987726 0.00024786934955 
1581.84554242 0.993404625222 0.000247751595452 
1581.84622361 0.993177812871 0.000247776188189 
1581.8469047 0.993491075386 0.000247666466748 
1581.84758579 0.992725215477 0.000247826072155 
1581.84826698 0.993581023974 0.00024758107611 
1581.84894807 0.99344055547 0.000247582647717 
1581.84962916 0.993458911156 0.000247542338911 
1581.85031036 0.993264366535 0.000247555726673 
1581.85099135 0.992782049547 0.000247640593443 
1581.85167244 0.992476917962 0.000247681280598 
1581.85235353 0.993200772123 0.000247465795837 
1581.85303472 0.992928653196 0.000247498799581 
1581.85371581 0.992975781491 0.000247452495387 
1581.8543969 0.993309919814 0.00024733445025 
1581.85507809 0.992575585476 0.000247483025305 
1581.85575918 0.993054374681 0.000247329560807 
1581.85644017 0.993052660938 0.000247295596637 
1581.85712136 0.993167837287 0.000247233023401 
1581.85780245 0.993431357375 0.000247133604717 
1581.85848354 0.99322547666 0.000247151096119 
1581.85916473 0.992740562578 0.000247238320298 
1581.85984582 0.993016180467 0.000247172429226 
1581.86052702 0.99334858733 0.000247092481004 
1581.86120811 0.993222110178 0.000247126736213 
1581.8618891 0.992803470959 0.000247234071139 
1581.86257019 0.992923851285 0.000247207644861 
1581.86325138 0.992990167762 0.00024719448993 
1581.86393247 0.993019854102 0.00024719061912 
1581.86461366 0.993457843609 0.000247085321462 
1581.86529475 0.992812345327 0.000247249729 
1581.86597584 0.993075771078 0.000247188145295 
1581.86665703 0.992890894758 0.000247238378506 
1581.86733802 0.99287522745 0.000247246527579 
1581.86801911 0.99303399463 0.000247211748501 
1581.8687002 0.992753201319 0.0002472861961 
1581.86938139 0.993078541817 0.000247207819484 
1581.87006248 0.992899769862 0.000247252581175 
1581.87074357 0.993082964806 0.000247207353823 
1581.87142477 0.993119632472 0.000247198826401 
1581.87210586 0.993231326869 0.000247172021773 
1581.87278695 0.992770826072 0.000247287651291 
1581.87346804 0.992611290605 0.000247328600381 
1581.87414913 0.993058694806 0.00024721812224 
1581.87483022 0.992969758065 0.00024724175455 
1581.87551141 0.99305788407 0.0002472216147 
1581.8761925 0.992918361629 0.000247260381002 
1581.87687359 0.993034394614 0.000247235817369 
1581.87755468 0.993381640837 0.000247153278906 
1581.87823587 0.992319470128 0.000247422634857 
1581.87891686 0.993222037969 0.00024720231886 
1581.87959795 0.992804270803 0.000247311254498 
1581.88027914 0.992567133365 0.00024737539934 
1581.88096023 0.992882819552 0.000247301562922 
1581.88164132 0.992886338767 0.000247305986704 
1581.88232252 0.992991901421 0.000247285206569 
1581.88300361 0.993262354351 0.000247223302722 
1581.8836847 0.992736438015 0.000247360090725 
1581.88436569 0.993073112591 0.000247282267082 
1581.88504688 0.993328754917 0.000247224379564 
1581.88572797 0.993034794417 0.000247303891229 
1581.88640916 0.992360805902 0.000247478194069 
1581.88709025 0.992843851851 0.000247364194365 
1581.88777134 0.993388210175 0.000247235409915 
1581.88845253 0.992881413515 0.000247368414421 
1581.88913362 0.993069838705 0.000247328222031 
1581.88981461 0.992983517545 0.000247354619205 
1581.8904958 0.99309170741 0.000247330288403 
1581.89117689 0.99306818637 0.000247338670306 
1581.89185798 0.993062983455 0.000247343210503 
1581.89253917 0.993158096538 0.000247309595579 
1581.89322027 0.992843256384 0.000247378484346 
1581.89390146 0.993434733648 0.000247221527388 
1581.89458255 0.992735185774 0.000247386808041 
1581.89526364 0.99299335772 0.00024731317535 
1581.89594463 0.993563979054 0.000247162301093 
1581.89662582 0.993192303466 0.000247245916398 
1581.89730691 0.992751876522 0.000247346732067 
1581.897988 0.992571419645 0.000247383111855 
1581.89866919 0.992768506103 0.000247325922828 
1581.89935028 0.992708369634 0.000247332587605 
1581.90003137 0.993048523707 0.000247239571763 
1581.90071246 0.992820920512 0.000247288437095 
1581.90139355 0.992970956995 0.000247243064223 
1581.90207464 0.992494884809 0.000247354328167 
1581.90275583 0.992678005003 0.000247301009949 
1581.90343693 0.99256120328 0.00024732289603 
1581.90411802 0.992892585645 0.000247233227128 
1581.90479911 0.992753958386 0.000247260613833 
1581.9054803 0.993002540735 0.000247191812377 
1581.90616139 0.992503786808 0.000247309420956 
1581.90684238 0.99290927898 0.000247201911407 
1581.90752357 0.992570977697 0.000247279735049 
1581.90820466 0.992728824183 0.000247234071139 
1581.90888575 0.992810824367 0.000247235846473 
1581.90956684 0.992463839114 0.000247344898526 
1581.91024803 0.992504842765 0.000247354677413 
1581.91092912 0.992586824444 0.000247352640145 
1581.91161031 0.992934786272 0.000247284246143 
1581.9122913 0.992838883928 0.000247326446697 
1581.91297239 0.993036023468 0.000247295829467 
1581.91365348 0.993041287682 0.000247313379077 
1581.91433468 0.992510257613 0.00024746436975 
1581.91501577 0.992918368856 0.00024738186039 
1581.91569696 0.992675972495 0.000247461372055 
1581.91637805 0.992865230754 0.00024743375252 
1581.91705914 0.992805960445 0.000247467687586 
1581.91774033 0.992570566224 0.000247546035098 
1581.91842132 0.992997890823 0.000247459276579 
1581.91910241 0.992800820239 0.000247528485488 
1581.9197836 0.992857535344 0.000247534451773 
1581.92046469 0.992900299499 0.000247544026934 
1581.92114578 0.99232489094 0.000247707910603 
1581.92182697 0.992954434435 0.000247571268119 
1581.92250806 0.992609142717 0.0002476782538 
1581.92318915 0.992471426755 0.000247733463766 
1581.92387024 0.992901325059 0.000247647170909 
1581.92455134 0.992636263222 0.000247734365985 
1581.92523243 0.992488953989 0.000247763848165 
1581.92591362 0.992874381402 0.000247660413152 
1581.92659471 0.992866563142 0.000247655203566 
1581.9272758 0.992561405466 0.000247724499786 
1581.92795689 0.992426311259 0.000247751508141 
1581.92863808 0.993049813234 0.000247589196078 
1581.92931907 0.992340076636 0.000247759773629 
1581.93000016 0.992967885367 0.000247596850386 
1581.93068135 0.992798725648 0.000247630407102 
1581.93136244 0.993128442607 0.000247537653195 
1581.93204353 0.992628753509 0.00024765174021 
1581.93272472 0.992819746861 0.000247593648965 
1581.93340581 0.992712519985 0.000247610209044 
1581.9340869 0.992789286571 0.000247581338044 
1581.9347679 0.99282245503 0.00024756314815 
1581.93544909 0.992323791512 0.000247677642619 
1581.93613018 0.992996944086 0.000247500487603 
1581.93681127 0.992938538047 0.000247505435254 
1581.93749246 0.992152188363 0.00024769254378 
1581.93817355 0.992691807635 0.000247548887273 
1581.93885464 0.99220976854 0.000247660005698 
1581.93953583 0.992802612425 0.000247503281571 
1581.94021692 0.992791306562 0.000247497315286 
1581.94089791 0.992993669866 0.000247438641964 
1581.9415791 0.992994572739 0.000247444870183 
1581.94226019 0.992611775615 0.000247547024628 
1581.94294128 0.992943174803 0.000247471034527 
1581.94362247 0.992958904608 0.00024747432326 
1581.94430356 0.993129025291 0.000247438903898 
1581.94498475 0.992510765603 0.000247600313742 
1581.94566585 0.992704352099 0.000247559364652 
1581.94634684 0.993130861918 0.000247460731771 
1581.94702793 0.992468140794 0.000247633812251 
1581.94770912 0.992952111072 0.000247521034908 
1581.94839021 0.992701858781 0.000247591378866 
1581.9490714 0.992680962695 0.000247604737524 
1581.94975249 0.993076059716 0.00024751474848 
1581.95043358 0.993001076703 0.000247541698627 
1581.95111477 0.992611302025 0.000247645337367 
1581.95179576 0.992619179568 0.000247647811193 
1581.95247685 0.992694195006 0.000247633259278 
1581.95315804 0.992638422448 0.000247651652899 
1581.95383913 0.992855580009 0.000247602292802 
1581.95452022 0.992809390888 0.000247618474532 
1581.95520131 0.992654208654 0.000247662508627 
1581.95588251 0.992602797674 0.000247680320172 
1581.9565636 0.992545286602 0.000247700110776 
1581.95724459 0.992734519874 0.000247658084845 
1581.95792578 0.992998797051 0.000247581716394 
1581.95860687 0.992463430884 0.000247704709182 
1581.95928796 0.99264392946 0.000247649091762 
1581.95996915 0.992533234294 0.000247666728683 
1581.96065024 0.992705025937 0.000247613876127 
1581.96133133 0.992546372721 0.000247643620241 
1581.96201242 0.992823680659 0.000247564690653 
1581.96269361 0.992969356499 0.000247518939432 
1581.9633746 0.992537746388 0.000247617048444 
1581.96405569 0.992466290989 0.000247625692282 
1581.96473688 0.992724392898 0.000247552176006 
1581.96541798 0.992644204967 0.000247563119046 
1581.96609907 0.992727942025 0.000247533520451 
1581.96678026 0.992843080537 0.00024749620934 
1581.96746135 0.992778579313 0.000247503747232 
1581.96814244 0.99283442099 0.00024748139549 
1581.96882353 0.99283532367 0.000247473071795 
1581.96950462 0.992472638046 0.000247555290116 
1581.97018571 0.993087446068 0.000247394171311 
1581.9708669 0.992899078884 0.000247433461482 
1581.97154799 0.992640992765 0.000247488147579 
1581.97222908 0.99241435456 0.000247532443609 
1581.97291027 0.99264366967 0.000247463409323 
1581.97359136 0.992759670398 0.000247422838584 
1581.97427235 0.992799814115 0.000247495103395 
1581.97495354 0.992738803642 0.000247525284067 
1581.97563464 0.992669949529 0.000247563642915 
1581.97631573 0.993251726533 0.000247440417297 
1581.97699692 0.992486922698 0.000247652642429 
1581.97767801 0.992337020629 0.000247712188866 
1581.9783592 0.992984887856 0.000247572606895 
1581.97904029 0.992807876681 0.000247639109148 
1581.97972128 0.992757329697 0.000247673975537 
1581.98040237 0.992958813831 0.000247645977652 
1581.98108356 0.992520233884 0.000247778283665 
1581.98176465 0.992790558189 0.000247733667493 
1581.98244574 0.992879540224 0.000247734365985 
1581.98312693 0.993065348081 0.000247711141128 
1581.98380802 0.992754897184 0.000247811927693 
1581.98448911 0.992792424584 0.000247825839324 
1581.9851703 0.992778502695 0.000247853051405 
1581.9858513 0.992662560926 0.000247905612923 
1581.98653239 0.992595455806 0.000247946241871 
1581.98721358 0.992556253336 0.000247980060522 
1581.98789467 0.993034160754 0.000247885036515 
1581.98857576 0.992275625474 0.000248098978773 
1581.98925685 0.992817927966 0.000247987773037 
1581.98993804 0.992439557481 0.000248106924118 
1581.99061913 0.992805780372 0.000248040014412 
1581.99130012 0.993091883679 0.000247993535595 
1581.99198131 0.992900027091 0.000248021795414 
1581.9926624 0.992869533572 0.000248007796472 
1581.99334349 0.992691670989 0.000248030235525 
1581.99402458 0.99283994363 0.000247971824137 
1581.99470577 0.993074590727 0.000247891788604 
1581.99538687 0.992765880945 0.000247947638854 
1581.99606806 0.992568856281 0.00024797586957 
1581.99674905 0.992919428096 0.000247867195867 
1581.99743014 0.992745044538 0.000247889955062 
1581.99811123 0.992644800843 0.000247894553468 
1581.99879242 0.992836669245 0.000247826159466 
1581.99947351 0.992968391782 0.000247772724833 
1582.0001547 0.99224389674 0.000247933465289 
1582.00083579 0.992895191623 0.000247751187999 
1582.00151688 0.992601359239 0.000247804418905 
1582.00219807 0.99291880041 0.000247705465881 
1582.00287906 0.992556956058 0.000247776159085 
1582.00356015 0.992801128685 0.000247695803409 
1582.00424134 0.993061062147 0.000247611897066 
1582.00492244 0.992712245343 0.000247679650784 
1582.00560353 0.992637289707 0.000247679272434 
1582.00628472 0.992886714793 0.000247598451097 
1582.00696581 0.99258242264 0.000247655698331 
1582.0076469 0.992898113481 0.000247558258707 
1582.00832799 0.993115327761 0.000247507094173 
1582.00900908 0.992616517012 0.000247634452535 
1582.00969017 0.993010716053 0.000247538933763 
1582.01037136 0.992588678268 0.000247647403739 
1582.01105245 0.993067473536 0.00024753130856 
1582.01173354 0.993219291913 0.000247496995144 
1582.01241463 0.992794549358 0.000247604155447 
1582.01309582 0.992914928361 0.00024757348001 
1582.01377681 0.992953333933 0.000247563235462 
1582.01445801 0.992715288699 0.000247621966992 
1582.0151391 0.992742350594 0.000247615011176 
1582.01582019 0.993014479795 0.000247547199251 
1582.01650128 0.992644753373 0.000247639080044 
1582.01718247 0.993094789326 0.000247527117608 
1582.01786356 0.992698002098 0.000247626245255 
1582.01854465 0.992975352302 0.00024755767663 
1582.01922574 0.992780902094 0.000247606745688 
1582.01990683 0.992187260807 0.000247755640885 
1582.02058792 0.99277137089 0.000247610674705 
1582.02126901 0.992967624651 0.000247562857112 
1582.0219502 0.993334042355 0.000247472722549 
1582.02263129 0.993021762916 0.000247551884968 
1582.02331238 0.992993010026 0.000247560674325 
1582.02399357 0.992993040547 0.000247562449658 
1582.02467467 0.992614603259 0.000247649528319 
1582.02535566 0.992505654808 0.000247669435339 
1582.02603685 0.992608561122 0.000247636955464 
1582.02671794 0.992574589112 0.000247638527071 
1582.02739903 0.993055994352 0.000247511983616 
1582.02808022 0.992720258791 0.000247589225182 
1582.02876131 0.992732496976 0.00024757994106 
1582.0294425 0.992768279424 0.00024756451603 
1582.03012359 0.992716862403 0.00024757150095 
1582.03080458 0.992833743652 0.000247536430834 
1582.03148567 0.993038732206 0.000247479620157 
1582.03216686 0.992932353672 0.000247500807745 
1582.03284795 0.99302047609 0.000247471063631 
1582.03352914 0.99282514496 0.000247509771725 
1582.03421024 0.992795525705 0.000247507559834 
1582.03489133 0.992722307675 0.000247516349191 
1582.03557252 0.992915063136 0.000247458927333 
1582.03625351 0.992751144208 0.000247490563197 
1582.0369346 0.992544532349 0.000247533083893 
1582.03761569 0.992671856401 0.000247492280323 
1582.03829688 0.993135861903 0.000247367774136 
1582.03897797 0.993482270694 0.000247273041168 
1582.03965906 0.992833267959 0.000247426098213 
1582.04034025 0.992811496895 0.000247423304245 
1582.04102134 0.992815887646 0.000247415242484 
1582.04170233 0.992658960403 0.000247447751462 
1582.04238352 0.992624986644 0.000247449468588 
1582.04306461 0.992863943332 0.000247383693932 
1582.04374571 0.992950315309 0.000247356016189 
1582.0444269 0.992914587287 0.000247358693741 
1582.04510799 0.992797757485 0.000247381889494 
1582.04578908 0.992837030545 0.000247366406256 
1582.04647027 0.992749857367 0.000247382558882 
1582.04715136 0.99349398106 0.000247191434028 
1582.04783235 0.992736838406 0.000247374904575 
1582.04851344 0.99296186696 0.000247313524596 
1582.04919463 0.992746491237 0.000247362098889 
1582.04987572 0.993132890779 0.000247261283221 
1582.05055681 0.992865150605 0.000247322954237 
1582.051238 0.992541684862 0.000247399118962 
1582.05191909 0.992952425317 0.000247292220593 
1582.05260019 0.992972516034 0.000247283227509 
1582.05328128 0.992986501694 0.000247273303103 
1582.05396237 0.992969960377 0.00024726864649 
1582.05464346 0.992745862898 0.000247316231253 
1582.05532465 0.992792982186 0.000247296207817 
1582.05600574 0.9931837617 0.000247190677328 
1582.05668683 0.993028520771 0.000247221556492 
1582.05736802 0.993039018203 0.000247214746196 
1582.05804911 0.993080917647 0.000247200165177 
1582.0587301 0.992868132378 0.000247249146923 
1582.05941129 0.993113253776 0.00024718415807 
1582.06009238 0.992990295086 0.000247211195529 
1582.06077347 0.993209274239 0.000247153278906 
1582.06145466 0.993157834325 0.000247162592132 
1582.06213576 0.993087206406 0.00024717694032 
1582.06281695 0.992773260457 0.000247252115514 
1582.06349804 0.99316577692 0.00024715156178 
1582.06417903 0.993128296437 0.000247157964623 
1582.06486012 0.992785560098 0.000247240794124 
1582.06554131 0.992656538542 0.000247270538239 
1582.0662224 0.993069943335 0.000247165298788 
1582.06690349 0.99281791702 0.000247225863859 
1582.06758468 0.993345682774 0.000247092568316 
1582.06826577 0.992956644799 0.000247187737841 
1582.06894686 0.993343998622 0.000247089628829 
1582.06962805 0.992782285004 0.000247227930231 
1582.07030904 0.993256811322 0.000247108371696 
1582.07099013 0.992917519196 0.000247191783274 
1582.07167133 0.992716104448 0.000247240735916 
1582.07235242 0.992939383929 0.00024718415807 
1582.07303351 0.992999595542 0.000247168616625 
1582.0737146 0.993078128655 0.000247161078732 
1582.07439579 0.993158412694 0.000247151037911 
1582.07507688 0.992994453523 0.000247202202445 
1582.07575787 0.993010183899 0.000247208517976 
1582.07643906 0.993427226325 0.00024711547303 
1582.07712015 0.99289075684 0.000247259624302 
1582.07780124 0.993231845524 0.000247185293119 
1582.07848243 0.992687634028 0.000247331627179 
1582.07916352 0.993267676303 0.000247198418947 
1582.07984461 0.993096720639 0.000247252261033 
1582.0805258 0.992825501899 0.000247331307037 
1582.0812068 0.993065379057 0.000247283052886 
1582.08188789 0.993184918387 0.000247264950303 
1582.08256898 0.992857860026 0.000247358315391 
1582.08325017 0.992790741534 0.000247386924457 
1582.08393126 0.993134412852 0.000247313495493 
1582.08461245 0.992930337609 0.000247376709012 
1582.08529354 0.992861470014 0.000247406394919 
1582.08597463 0.993276705037 0.000247315474553 
1582.08665562 0.99311883255 0.000247367483098 
1582.08733681 0.993345692667 0.000247324001975 
1582.0880179 0.992921768068 0.0002474427165 
1582.08869909 0.992960173774 0.000247446325375 
1582.08938018 0.992844210607 0.000247488496825 
1582.09006128 0.993381588329 0.000247359625064 
1582.09074247 0.993031786541 0.000247452029726 
1582.09142356 0.993466290403 0.000247349467827 
1582.09210475 0.992786776471 0.000247524061706 
1582.09278574 0.993585035647 0.000247330986895 
1582.09346683 0.992987424552 0.000247485528234 
1582.09414792 0.992901110207 0.000247510790359 
1582.09482911 0.993490003639 0.000247365620453 
1582.0955102 0.992910764462 0.000247511517955 
1582.09619129 0.993480465348 0.000247371499427 
1582.09687248 0.993529364789 0.000247361283982 
1582.09755357 0.99330077856 0.000247420481173 
1582.09823456 0.993126327837 0.000247466115979 
1582.09891576 0.99259961129 0.00024759984808 
1582.09959685 0.992874317528 0.000247533957008 
1582.10027794 0.993463195055 0.000247390009463 
1582.10095903 0.993233751621 0.000247450079769 
1582.10164022 0.992783713589 0.000247565389145 
1582.10232131 0.993216364067 0.000247460528044 
1582.1030024 0.993143987217 0.000247482093982 
1582.10368349 0.992908512517 0.000247544288868 
1582.10436458 0.993164112084 0.000247484131251 
1582.10504567 0.99335171802 0.000247441144893 
1582.10572676 0.99324356095 0.000247472227784 
1582.10640795 0.99312669233 0.000247481686529 
1582.10708904 0.993315163688 0.000247415038757 
1582.10777013 0.993205265795 0.000247422984103 
1582.10845133 0.993598825724 0.00024730572477 
1582.10913232 0.992970679105 0.000247443007538 
1582.10981341 0.993696638602 0.000247243093327 
1582.1104946 0.99345056144 0.000247285555815 
1582.11117569 0.99298036433 0.000247384043178 
1582.11185678 0.99365134361 0.000247198360739 
1582.11253797 0.993315406613 0.000247263727942 
1582.11321906 0.99352311249 0.000247193558607 
1582.11390025 0.993154941219 0.000247267191298 
1582.11458134 0.993627027268 0.000247129471973 
1582.11526233 0.993696008749 0.000247089890763 
1582.11594342 0.99345254957 0.000247128307819 
1582.11662461 0.993596571919 0.000247070478508 
1582.11730571 0.99306960593 0.000247179472353 
1582.1179869 0.99320659354 0.000247123854933 
1582.11866799 0.993722345796 0.000246973795583 
1582.11934908 0.993189206392 0.000247085088631 
1582.12003027 0.993320102983 0.000247031101026 
1582.12071126 0.993423966146 0.000246984243859 
1582.12139235 0.993268687549 0.000247001735261 
1582.12207354 0.993540960835 0.000246913201408 
1582.12275463 0.99338915418 0.000246957322815 
1582.12343572 0.993539276142 0.000246926327236 
1582.12411681 0.993137077078 0.000247032876359 
1582.124798 0.993253135193 0.00024701069924 
1582.12547909 0.993000190056 0.000247080548434 
1582.12616009 0.993334336118 0.000247004587436 
1582.12684128 0.993129347381 0.000247062678682 
1582.12752237 0.993705283466 0.00024692673469 
1582.12820346 0.993150344209 0.00024707231205 
1582.12888465 0.993071866137 0.000247099495027 
1582.12956574 0.993628567757 0.000246968556894 
1582.13024683 0.993869511834 0.000246917072218 
1582.13092802 0.993440127968 0.000247031683102 
1582.13160901 0.993499497173 0.000247025251156 
1582.1322901 0.993378235621 0.000247063639108 
1582.13297119 0.993756152034 0.000246978510404 
1582.13365238 0.993454211038 0.000247062009294 
1582.13433347 0.993550233858 0.000247046962613 
1582.13501457 0.993032887081 0.000247182586463 
1582.13569576 0.993524113813 0.00024706494878 
1582.13637685 0.993626252743 0.000247044343269 
1582.13705794 0.993534646646 0.000247071962804 
1582.13773903 0.993768584765 0.000247018819209 
1582.13842012 0.993320049318 0.000247135554673 
1582.13910121 0.993498085388 0.000247098127147 
1582.1397824 0.993095902972 0.000247205316555 
1582.14046349 0.993534798222 0.000247103627771 
1582.14114458 0.993988729795 0.000246998068178 
1582.14182577 0.993748690349 0.000247065268923 
1582.14250686 0.993239964468 0.000247199612204 
1582.14318785 0.993710345187 0.000247090589255 
1582.14386905 0.993579457839 0.000247131218202 
1582.14455014 0.993376163573 0.000247189716902 
1582.14523123 0.99372265598 0.000247111951467 
1582.14591242 0.993448648327 0.000247188814683 
1582.14659351 0.993422500608 0.000247203861363 
1582.1472747 0.993521138366 0.000247188174399 
1582.14795579 0.993645969127 0.000247166026384 
1582.14863678 0.993915726702 0.000247108109761 
1582.14931787 0.993734184953 0.000247162330197 
1582.14999906 0.99370279269 0.000247179734288 
1582.15068015 0.993417446836 0.000247260235483 
1582.15136124 0.99338431946 0.000247278308962 
1582.15204243 0.993632186432 0.000247226475039 
1582.15272353 0.993987498941 0.000247147807386 
1582.15340462 0.993736112459 0.000247220799793 
1582.15408581 0.994259999509 0.0002471008047 
1582.1547668 0.993724825864 0.000247244344791 
1582.15544789 0.994095015439 0.000247166724876 
1582.15612908 0.993614040083 0.000247298943577 
1582.15681017 0.993570433456 0.000247322401265 
1582.15749126 0.993767717811 0.000247285934165 
1582.15817245 0.993461410125 0.000247374991886 
1582.15885354 0.993485001504 0.000247382151429 
1582.15953463 0.993743367975 0.000247330957791 
1582.16021562 0.993916241719 0.000247301184572 
1582.16089681 0.99394333608 0.000247307878453 
1582.16157791 0.994143314132 0.000247271877015 
1582.162259 0.994117148097 0.000247292191489 
1582.16294019 0.993946046067 0.000247348594712 
1582.16362128 0.993909408966 0.000247371615842 
1582.16430237 0.994208055823 0.000247311720159 
1582.16498356 0.994061386048 0.000247362622758 
1582.16566455 0.994057050579 0.000247378076892 
1582.16634564 0.994056207708 0.000247393123573 
1582.16702673 0.994096403495 0.000247397692874 
1582.16770792 0.993589245034 0.000247539166594 
1582.16838901 0.994211730625 0.000247399468208 
1582.1690702 0.994215254039 0.000247413583565 
1582.1697513 0.99397952521 0.000247487769229 
1582.17043239 0.994174271016 0.000247454852797 
1582.17111338 0.994148104143 0.000247477175435 
1582.17179457 0.994238080804 0.000247467862209 
1582.17247566 0.99421540539 0.000247486488661 
1582.17315685 0.994069607671 0.000247535936069 
1582.17383794 0.994847925755 0.000247355841566 
1582.17451903 0.994217242761 0.000247526419116 
1582.17520022 0.99414741251 0.000247557327384 
1582.17588131 0.994205950619 0.000247554358793 
1582.1765625 0.994516042639 0.00024748663418 
1582.17724339 0.99427412909 0.000247556657996 
1582.17792458 0.994331801274 0.000247551914072 
1582.17860568 0.994974852763 0.000247401650995 
1582.17928687 0.994234920473 0.000247596064582 
1582.17996796 0.995166327356 0.000247374584433 
1582.18064905 0.994851723897 0.000247463205596 
1582.18133024 0.994491795389 0.000247563235462 
1582.18201133 0.995019576727 0.000247442483669 
1582.18269232 0.994857057779 0.000247493619099 
1582.18337351 0.994836115889 0.000247509917244 
1582.1840546 0.994907802854 0.000247503165156 
1582.18473569 0.994937545947 0.000247507268796 
1582.18541688 0.994902620035 0.000247527408646 
1582.18609797 0.99510016885 0.000247489631874 
1582.18677906 0.995191979929 0.000247478688834 
1582.18746016 0.995217360675 0.000247484160354 
1582.18814125 0.99545606677 0.000247429969022 
1582.18882234 0.995380903607 0.00024745441624 
1582.18950343 0.995008547799 0.000247552903602 
1582.19018462 0.99519213125 0.000247512914939 
1582.19086571 0.995596097743 0.00024741832749 
1582.1915468 0.995483324123 0.000247452699114 
1582.19222789 0.995817430941 0.000247376039624 
1582.19290908 0.995418681214 0.00024748177384 
1582.19359007 0.995848980923 0.000247381132795 
1582.19427116 0.995457213542 0.000247485382715 
1582.19495235 0.996158740654 0.000247317948379 
1582.19563345 0.995891059207 0.000247391755693 
1582.19631454 0.995877093456 0.000247399817454 
1582.19699573 0.996147456651 0.000247335439781 
1582.19767682 0.995677732071 0.000247455289355 
1582.19835801 0.996004905244 0.000247377087362 
1582.1990391 0.995894709582 0.00024740761728 
1582.19972009 0.996472249205 0.00024726751144 
1582.20040118 0.996399634897 0.000247289397521 
1582.20108237 0.996027772856 0.000247385381954 
1582.20176346 0.996191418639 0.000247348623816 
1582.20244465 0.996469744516 0.000247283576755 
1582.20312574 0.996391879188 0.000247306976235 
1582.20380683 0.996887394273 0.000247188349022 
1582.20448803 0.996410319041 0.000247304182267 
1582.20516902 0.996785011091 0.000247208634391 
1582.20585011 0.997166851043 0.000247111514909 
1582.2065313 0.996892769206 0.000247177027632 
1582.20721239 0.996694049642 0.000247224379564 
1582.20789348 0.997343008931 0.000247061689151 
1582.20857467 0.997590111048 0.000246998679359 
1582.20925576 0.996883258342 0.000247172167292 
1582.20993685 0.997207323955 0.000247090385528 
1582.21061794 0.997280933685 0.000247070856858 
1582.21129903 0.997092646435 0.000247116375249 
1582.21198012 0.99764984927 0.000246977288043 
1582.21266122 0.997732255368 0.000246955809416 
1582.21334241 0.997526358879 0.000247006100835 
1582.2140235 0.99741774705 0.000247032439802 
1582.21470459 0.997148851388 0.000247098651016 
1582.21538578 0.998142604196 0.000246852636337 
1582.21606677 0.997804272118 0.000246935815085 
1582.21674786 0.997806931719 0.000246933777817 
1582.21742905 0.998061162042 0.000246867479291 
1582.21811014 0.997824521245 0.000246922718361 
1582.21879123 0.99805245602 0.000246863026405 
1582.21947232 0.99795693539 0.000246883340878 
1582.22015351 0.997742228648 0.000246933370363 
1582.22083461 0.998126188692 0.000246821029577 
1582.2215157 0.998106054604 0.000246808864176 
1582.22219679 0.998344576576 0.000246732844971 
1582.22287788 0.999069199384 0.000246536714258 
1582.22355897 0.998154365273 0.00024674544693 
1582.22424016 0.998214016022 0.000246713956585 
1582.22492125 0.99866920809 0.000246584473643 
1582.22560234 0.998424530234 0.000246627838351 
1582.22628353 0.998823667394 0.000246512470767 
1582.22696462 0.998611405595 0.000246547686402 
1582.22764561 0.998814954678 0.000246480718488 
1582.2283268 0.998936063247 0.000246433977736 
1582.22900789 0.998981721044 0.000246405950747 
1582.22968899 0.999022993376 0.000246379058808 
1582.23037018 0.998957212713 0.000246378709562 
1582.23105127 0.998794927831 0.000246401905315 
1582.23173246 0.999073103486 0.000246317009442 
1582.24194902 0.999584423934 0.000246185634751 
1582.24263021 0.9995247519 0.000246213952778 
1582.2433113 0.999653849026 0.000246196257649 
1582.24399239 0.999986720392 0.000246128445724 
1582.24467348 0.999830415731 0.000246180745307 
1582.24535457 1.00005529499 0.00024613935966 
1582.24603567 0.999931476422 0.000246184004936 
1582.24671676 0.999986841532 0.000246184674324 
1582.24739795 1.00003781771 0.000246186071308 
1582.24807904 1.00011515016 0.000246181327384 
1582.24876013 1.00033833612 0.000246140640229 
1582.24944132 0.99965324345 0.000246323616011 
1582.25012231 0.999882474152 0.000246281677391 
1582.2508034 0.999878113117 0.00024629701511 
1582.25148459 0.999721825431 0.000246349751251 
1582.25216568 0.999505860969 0.000246417475864 
1582.25284677 1.00021024115 0.000246258277912 
1582.25352796 1.00010836468 0.000246290932409 
1582.25420906 1.00011981502 0.000246295880061 
1582.25489015 0.999975786301 0.000246338924626 
1582.25557114 1.00025956232 0.000246276787948 
1582.25625233 0.999790533141 0.000246399868047 
1582.25693342 0.999656210496 0.000246440875344 
1582.25761461 0.999931112739 0.000246379204327 
1582.2582957 0.999994383037 0.000246367882937 
1582.25897679 1.0003194599 0.000246292504016 
1582.25965798 1.00029664561 0.000246303126914 
1582.26033907 0.999952313337 0.000246393028647 
1582.26102006 1.0004118129 0.000246284762397 
1582.26170125 1.00008061746 0.00024637178285 
1582.26238235 1.00056478384 0.000246257870458 
1582.26306344 1.00004027067 0.000246392708505 
1582.26374463 1.00053320582 0.000246277166298 
1582.26442572 1.00004648 0.000246402807534 
1582.26510681 1.00031094581 0.000246343464823 
1582.265788 1.00087522181 0.00024621092598 
1582.26646909 1.00020469657 0.000246382405749 
1582.26715008 1.00010194217 0.000246414274443 
1582.26783127 1.00008967411 0.000246423878707 
1582.26851236 1.0000247015 0.000246446550591 
1582.26919345 0.999641827803 0.000246547890129 
1582.26987464 0.999596200373 0.000246555398917 
1582.27055574 0.999638376053 0.000246541370871 
1582.27123683 1.00020227263 0.000246398762101 
1582.27191792 1.00027961774 0.000246376293944 
1582.27259901 0.999707834981 0.000246514158789 
1582.2732801 0.999821147791 0.000246482959483 
1582.27396119 0.999971363101 0.000246443087235 
1582.27464238 0.999927477222 0.000246451032581 
1582.27532347 0.999414710126 0.000246574811172 
1582.27600456 0.99988362348 0.000246456824243 
1582.27668575 0.999946012413 0.000246438983595 
1582.27736684 0.999728243208 0.000246490410063 
1582.27804784 1.00042750759 0.00024631418637 
1582.27872893 0.99964312885 0.000246500974754 
1582.27941012 1.00007437608 0.000246388197411 
1582.28009121 1.00034060658 0.000246316718403 
1582.2807723 1.00006740908 0.000246378040174 
1582.28145349 1.00005250617 0.000246375857387 
1582.28213458 1.00011139176 0.000246355804848 
1582.28281577 0.999853186788 0.000246413779678 
1582.28349676 0.999988474716 0.000246375071583 
1582.28417785 0.999696933108 0.000246441748459 
1582.28485894 0.999698719499 0.000246436335146 
1582.28554013 1.00002721375 0.000246350129601 
1582.28622123 0.999661900286 0.000246424751822 
1582.28690242 1.00009579096 0.000246302573942 
1582.28758351 0.999647033589 0.000246397801675 
1582.2882646 0.999832350853 0.000246337120188 
1582.28894579 1.00002648635 0.000246274081292 
1582.28962678 0.999732299236 0.000246331794187 
1582.29030787 0.999725304391 0.00024631904671 
1582.29098906 1.00012320446 0.000246206502197 
1582.29167015 0.999901883511 0.00024624663638 
1582.29235124 0.9997965256 0.000246258365223 
1582.29303243 1.00017600491 0.000246150942985 
1582.29371352 1.00025861948 0.000246116658673 
1582.29439462 1.00013477563 0.000246133509791 
1582.29507571 0.9997114657 0.000246223906288 
1582.2957568 1.0000777361 0.000246120383963 
1582.29643789 1.0001243244 0.000246095500188 
1582.29711908 1.00012171916 0.000246083189268 
1582.29780017 1.0001586459 0.000246060895734 
1582.29848126 0.999929412323 0.0002461024269 
1582.29916235 1.00019296856 0.000246020354098 
1582.29984354 0.999849550131 0.000246087671258 
1582.30052453 1.00006828457 0.000246017007157 
1582.30120562 0.999579150835 0.000246120471274 
1582.30188681 0.999793435183 0.000246051029535 
1582.30256791 1.00006661821 0.000245992239797 
1582.303249 0.999797886422 0.000246067240369 
1582.30393009 0.999749617347 0.000246087845881 
1582.30461128 0.999964816566 0.000246043840889 
1582.30529237 0.999591623745 0.000246145064011 
1582.30597336 1.00027585603 0.000245986098889 
1582.30665455 0.999692660027 0.000246139010414 
1582.30733564 1.00017575996 0.000246029609116 
1582.30801673 1.00021444578 0.000246029900154 
1582.30869792 1.0003761431 0.000245999981416 
1582.30937901 1.00073474585 0.000245921808528 
1582.31006011 1.00049395573 0.000245991279371 
1582.3107413 1.00014516295 0.000246087525738 
1582.31142239 1.0001776979 0.000246089824941 
1582.31210338 0.999782470986 0.000246197829256 
1582.31278457 1.00020938549 0.000246103707468 
1582.31346566 1.00019448039 0.000246118375799 
1582.31414675 0.99991078322 0.000246199284447 
1582.31482794 1.00002675411 0.000246182171395 
1582.31550903 1.00031581632 0.000246122392127 
1582.31619022 0.999955667307 0.000246222625719 
1582.31687131 1.00000049315 0.000246223266004 
1582.3175523 0.999823108882 0.00024627885432 
1582.3182334 0.99973005295 0.000246313604293 
1582.31891459 1.00029575839 0.000246195268119 
1582.31959568 0.999926833521 0.000246305018663 
1582.32027687 0.999998887025 0.000246306677582 
1582.32095796 0.99995148653 0.000246337411227 
1582.32163905 1.00035211257 0.000246258045081 
1582.32232014 0.99991729271 0.000246384413913 
1582.32300123 0.999988467148 0.000246386625804 
1582.32368232 1.00003241605 0.000246395473368 
1582.32436341 1.00038825942 0.000246327777859 
1582.3250446 1.00031623811 0.000246365612838 
1582.32572569 1.00021874347 0.000246410054388 
1582.32640679 1.00002638774 0.00024647769169 
1582.32708798 0.999581173408 0.000246607873123 
1582.32776907 1.00013186027 0.000246492796578 
1582.32845016 0.999623378408 0.000246639014222 
1582.32913125 0.999447816775 0.000246703391895 
1582.32981234 0.999885127484 0.000246616546065 
1582.33049343 0.999858809945 0.000246644311119 
1582.33117452 0.999931736828 0.000246647745371 
1582.33185571 1.0001434612 0.000246616982622 
1582.3325368 1.00006794379 0.000246657320531 
1582.33321789 0.999897573726 0.000246721348958 
1582.33389909 1.00010665548 0.000246691895882 
1582.33458008 1.00036850097 0.000246649578912 
1582.33526117 0.999728170947 0.000246783369221 
1582.33594236 0.999988160641 0.000246695417445 
1582.33662345 1.00001102824 0.000246665702434 
1582.33730454 0.999625525494 0.000246737210546 
1582.33798573 0.999900419111 0.000246646173764 
1582.33866682 0.999701099711 0.000246672076173 
1582.33934791 1.00026942452 0.00024650641717 
1582.3400289 0.999890848302 0.000246572220931 
1582.34071009 0.999481687995 0.00024664591183 
1582.34139119 0.999669608714 0.000246571958996 
1582.34207238 0.999926948255 0.000246481708018 
1582.34275347 1.00022915998 0.000246380281169 
1582.34343456 1.00004207261 0.000246399489697 
1582.34411575 0.999724171167 0.000246451119892 
1582.34479684 0.999943756391 0.00024637056049 
1582.34547783 0.999959596276 0.000246340117883 
1582.34615902 0.999977193115 0.000246309617069 
1582.34684011 0.999985128312 0.00024628159008 
1582.3475212 1.00012921871 0.000246220384724 
1582.34820239 0.999701520492 0.000246300012805 
1582.34888348 0.999716478412 0.000246270676143 
1582.34956458 1.00013721524 0.000246141542448 
1582.35024577 1.00030065723 0.000246075971518 
1582.35092686 1.00033143984 0.000246043375228 
1582.35160785 0.99991331626 0.000246154842898 
1582.35228904 1.0000776001 0.000246123090619 
1582.35297013 1.00004073656 0.000246141164098 
1582.35365122 0.999887936284 0.000246187875746 
1582.35433241 1.00024812109 0.000246108393185 
1582.3550135 1.00010407365 0.000246152980253 
1582.35569459 0.999711510072 0.000246259442065 
1582.35637568 0.999791451582 0.00024624937214 
1582.35705678 1.00004794403 0.000246195821092 
1582.35773787 1.00011209995 0.000246190000325 
1582.35841896 1.00037218943 0.000246136187343 
1582.35910015 1.00001465516 0.000246234529186 
1582.35978124 1.00018686237 0.000246200157562 
1582.36046233 1.00031955932 0.000246173352934 
1582.36114352 1.00008238273 0.000246237934334 
1582.36182461 1.00014654085 0.000246228562901 
1582.3625056 0.999851440021 0.000246307870839 
1582.36318679 0.999655642584 0.000246362469625 
1582.36386788 0.999875212704 0.000246315205004 
1582.36454898 1.00000084135 0.000246291194344 
1582.36523007 1.00028023116 0.000246229406912 
1582.36591126 0.999821730497 0.000246349605732 
1582.36659235 1.0000632974 0.000246297538979 
1582.36727354 0.999827937999 0.000246362818871 
1582.36795453 0.999953560675 0.000246327603236 
1582.36863562 1.0003269488 0.000246231153142 
1582.36931671 0.999655034509 0.000246392213739 
1582.3699979 0.999481223044 0.00024643089273 
1582.37067899 1.00003361153 0.000246290932409 
1582.37136018 1.00005648009 0.000246281182626 
1582.37204128 1.00026559498 0.000246226118179 
1582.37272237 0.999735969569 0.000246352836257 
1582.37340356 1.00017955591 0.000246240320848 
1582.37408455 1.0003473981 0.00024619573378 
1582.37476564 0.999950347338 0.000246290524956 
1582.37544673 1.00015065501 0.000246238196269 
1582.37612792 1.00018758263 0.000246226321906 
1582.37680901 0.999910913547 0.000246291834628 
1582.3774902 0.999766036469 0.000246324983891 
1582.37817129 1.00017537324 0.000246221781708 
1582.37885238 1.00025008026 0.000246201147093 
1582.37953337 0.999934747526 0.000246276817052 
1582.38021457 0.99991545488 0.000246277515544 
1582.38089566 0.999615154008 0.000246345211053 
1582.38157685 0.999888288142 0.000246271898504 
1582.38225794 0.999811033471 0.000246284675086 
1582.38293903 0.999987597328 0.000246235402301 
1582.38362012 0.999994654168 0.000246228068136 
1582.38430131 0.999867329786 0.000246253563091 
1582.3849823 0.99976548793 0.000246273237281 
1582.38566339 0.999993865696 0.000246211420745 
1582.38634458 1.00035936066 0.000246116193011 
1582.38702568 1.00014852913 0.000246162933763 
1582.38770677 1.00046398925 0.000246080220677 
1582.38838796 0.999833258358 0.000246230600169 
1582.38906905 1.00030763962 0.000246109208092 
1582.38975014 1.00036478261 0.000246090465225 
1582.39043113 0.999744651895 0.000246238632826 
1582.39111232 1.00016276493 0.000246131443419 
1582.39179341 0.99997305484 0.000246174226049 
1582.3924745 0.999902819824 0.000246187468292 
1582.39315569 1.00016724735 0.000246118666837 
1582.39383678 1.00041680624 0.000246053503361 
1582.39451788 0.999905544498 0.000246175884968 
1582.39519907 0.999945976297 0.000246162700932 
1582.39588016 0.999808997841 0.000246193230851 
1582.39656115 1.00018672455 0.000246097217314 
1582.39724234 0.999763392403 0.000246198324021 
1582.39792343 1.00014812984 0.000246101000812 
1582.39860452 1.00067363877 0.000245968985837 
1582.39928571 0.999832859128 0.00024617346935 
1582.3999668 0.99973102076 0.000246196461376 
1582.40064799 0.999949729027 0.00024616351584 
1582.40132908 0.999775866243 0.000246224808507 
1582.40201008 1.00069488372 0.000246017734753 
1582.40269117 0.999710065513 0.00024627923267 
1582.40337236 1.00007984888 0.000246207142482 
1582.40405345 0.999812869702 0.000246292125667 
1582.40473464 0.999662738329 0.000246348878136 
1582.40541573 1.0000641269 0.000246269773925 
1582.40609682 0.999942941808 0.000246319163125 
1582.40677801 0.999978104999 0.000246330630034 
1582.407459 1.00007651463 0.00024632626446 
1582.40814009 0.99977177448 0.000246421783231 
1582.40882128 1.00061607825 0.000246234063525 
1582.40950238 0.999867558974 0.000246439041803 
1582.41018347 0.999972984449 0.000246433832217 
1582.41086456 0.999547986783 0.000246559327934 
1582.41154575 0.999653378565 0.000246554380283 
1582.41222684 1.00009692816 0.000246466108365 
1582.41290783 0.999863317201 0.000246545270784 
1582.41358902 1.00022964295 0.000246476120083 
1582.41427011 1.00091958675 0.000246327806963 
1582.4149512 1.00016381229 0.000246535812039 
1582.41563239 0.999650045616 0.000246684474405 
1582.41631348 0.999866101381 0.000246653216891 
1582.41699458 1.00032468232 0.000246530456934 
1582.41767567 1.00023333661 0.000246543087997 
1582.41835686 1.00042315594 0.000246486772085 
1582.41903785 0.999839873775 0.000246621115366 
1582.41971894 1.00055942942 0.000246434530709 
1582.42040013 0.999843446438 0.000246601906838 
1582.42108122 0.999959409252 0.000246562180109 
1582.42176231 1.00038376294 0.000246444280492 
1582.4224435 1.00015272047 0.000246488227276 
1582.42312459 1.00022830425 0.000246456387686 
1582.42380568 0.999903317134 0.000246523617534 
1582.42448678 1.00037509547 0.000246394367423 
1582.42516787 0.999942900315 0.000246488576522 
1582.42584896 1.00031101247 0.000246385287028 
1582.42653015 1.0005254534 0.000246320181759 
1582.42721124 1.00006332648 0.000246421899647 
1582.42789233 0.999733124154 0.000246491341386 
1582.42857352 0.999659393625 0.000246497627813 
1582.42925461 1.00007132189 0.000246384384809 
1582.4299356 0.999992296247 0.000246392359259 
1582.43061679 0.999977394094 0.00024638485047 
1582.43129788 0.999720979601 0.000246436684392 
1582.43197898 1.00029722311 0.000246283627348 
1582.43266017 0.999757921065 0.000246405572398 
1582.43334126 0.999989810408 0.000246351497481 
1582.43402235 0.999930992027 0.000246369570959 
1582.43470354 1.00052581181 0.000246226525633 
1582.43538453 0.999584181032 0.000246462295763 
1582.43606562 0.999839741888 0.000246403098572 
1582.43674681 1.0001006388 0.00024634305737 
1582.4374279 1.00040553896 0.000246271985816 
1582.43810899 0.99999353271 0.00024637763272 
1582.43879018 0.999823175055 0.00024642405333 
1582.43947128 0.999779295284 0.000246439594775 
1582.44015237 1.00004193321 0.000246379786404 
1582.44083356 1.00006568021 0.000246379029704 
1582.44151455 0.999988411691 0.000246400595643 
1582.44219564 0.99976536389 0.000246456358582 
1582.44287683 1.00041544366 0.000246296956902 
1582.44355792 1.00002187925 0.000246394891292 
1582.44423901 0.999900699188 0.000246425741352 
1582.4449201 0.999760214182 0.000246461655479 
1582.44560129 1.0000456854 0.000246392795816 
1582.44628239 1.00007821679 0.00024638636387 
1582.44696338 1.00009318011 0.00024638461764 
1582.44764457 0.99981829337 0.000246453942964 
1582.44832566 0.999537336447 0.000246525392868 
1582.44900675 1.00033223606 0.000246331532253 
1582.44968784 0.999314419017 0.000246575451456 
1582.45036903 0.999827194678 0.00024644221412 
1582.45105012 1.00062056696 0.000246240379056 
1582.45173131 0.999882583328 0.0002464154677 
1582.4524123 0.999656046831 0.000246464740485 
1582.45309339 1.00021731726 0.000246320327278 
1582.45377449 1.00012510279 0.000246337061981 
1582.45445568 1.00002499129 0.000246355601121 
1582.45513677 0.999702704455 0.000246429466642 
1582.45581796 0.999928432797 0.000246367853833 
1582.45649905 1.00011907265 0.000246315612458 
1582.45718014 1.00022628164 0.000246283772867 
1582.45786113 1.00025969747 0.000246270472417 
1582.45854232 0.999627339114 0.000246421375778 
1582.45922341 1.00013324741 0.000246291572694 
1582.4599046 0.999553646073 0.0002464299032 
1582.46058569 0.999451835983 0.0002464504214 
1582.46126679 0.999940967343 0.000246325245826 
1582.46194798 0.999931335709 0.000246321200393 
1582.46262907 0.999718837953 0.000246364739724 
1582.46331016 0.999949839833 0.000246299430728 
1582.46399115 1.00009831711 0.000246254348895 
1582.46467234 1.00008165641 0.00024625036167 
1582.46535343 1.0000201974 0.000246257288381 
1582.46603462 0.99988233034 0.000246297480771 
1582.46671571 1.00017574302 0.000246231415076 
1582.4673968 0.999836721204 0.000246321433224 
1582.46807789 0.999953561445 0.000246299285209 
1582.46875909 0.999966766181 0.000246302835876 
1582.46944008 1.00014247882 0.00024626639788 
1582.47012127 0.99998878435 0.00024631145061 
1582.47080236 0.999814036393 0.000246361538302 
1582.47148345 1.00033761226 0.000246240058914 
1582.47216454 1.00018388779 0.000246285431786 
1582.47284573 1.00016019757 0.000246298819548 
1582.47352682 1.00028937621 0.000246274721576 
1582.47420791 0.999534077478 0.000246468785917 
1582.474889 1.00041157145 0.000246260751737 
1582.4755701 0.999902068737 0.000246394658461 
1582.47625119 1.00025874394 0.0002463151759 
1582.47693228 1.00009624703 0.000246363633778 
1582.47761347 0.999723004746 0.000246464362135 
1582.47829456 0.99989428316 0.000246430950938 
1582.47897565 1.0003230023 0.000246334675467 
1582.47965684 1.0001209629 0.000246393523412 
1582.48033793 0.999596681856 0.00024653179571 
1582.48101892 1.0001974524 0.000246393319685 
1582.48170011 1.00028973308 0.000246380164754 
1582.48238121 1.00014304385 0.000246405950747 
1582.4830623 1.0000640124 0.000246412906563 
1582.48374349 0.999995527497 0.000246417301241 
1582.48442458 0.999775990663 0.000246459123446 
1582.48510577 0.999872623716 0.000246422976488 
1582.48578686 1.00023631696 0.000246321549639 
1582.48646785 1.00003868703 0.000246358307777 
1582.48714894 0.999850756696 0.000246392999543 
1582.48783013 1.00019423543 0.000246296724072 
1582.48851122 1.000202172 0.000246283365414 
1582.48919241 1.00060641366 0.000246172654442 
1582.48987351 1.00042101283 0.000246207142482 
1582.4905546 0.999786796035 0.000246352690738 
1582.49123579 1.0003648347 0.000246199255344 
1582.49191678 0.999974803447 0.000246284733294 
1582.49259787 0.99982025647 0.000246312265517 
1582.49327906 0.99987122355 0.000246289506322 
1582.49396015 1.0003649535 0.000246157636866 
1582.49464124 0.999807172475 0.000246284995228 
1582.49532233 1.00043179534 0.000246121140663 
1582.49600352 1.00002065652 0.000246212701313 
1582.49668462 0.999652710744 0.000246293697273 
1582.49736561 0.999860862639 0.000246233103098 
1582.4980468 1.00023158011 0.000246132636676 
1582.49872789 1.0003616466 0.000246123992838 
1582.49940898 0.999929457065 0.00024625408696 
1582.50009017 1.00024221205 0.000246200943366 
1582.50077126 0.999662547445 0.000246367882937 
1582.50145235 1.00001738038 0.000246304640314 
1582.50213344 0.999781153266 0.000246387062361 
1582.50281463 1.00038730685 0.000246259849519 
1582.50349562 0.999922608641 0.000246394309215 
1582.50417672 1.00028280555 0.000246325857006 
1582.50485791 0.999723314052 0.000246484240051 
1582.505539 0.999960465167 0.000246446259553 
1582.50622009 0.999907796302 0.000246479990892 
1582.50690128 0.999582035101 0.000246581039391 
1582.50758237 1.00021091003 0.000246446987148 
1582.50826346 0.999811278493 0.000246566545684 
1582.50894455 1.0003989971 0.00024644320365 
1582.50962564 1.00010733525 0.0002465362777 
1582.51030673 1.00027077196 0.000246517767664 
1582.51098793 0.999981782539 0.000246610521572 
1582.51166902 0.999706926246 0.000246700132266 
1582.51235011 1.00020936048 0.000246598530794 
1582.5130313 0.999850127549 0.000246709067142 
1582.51371239 1.00021117687 0.000246642477578 
1582.51439338 0.999671921003 0.000246797717409 
1582.51507447 0.999822991519 0.000246742507443 
1582.51575566 1.00001712462 0.000246676470852 
1582.51643675 0.99975455265 0.000246723269811 
1582.51711794 0.999825715023 0.00024668808328 
1582.51779904 1.0004731975 0.000246511044679 
1582.51848023 1.0001955705 0.000246561772656 
1582.51916132 0.99979155414 0.000246643932769 
1582.51984231 1.00000588347 0.000246574229095 
1582.5205234 1.00003402137 0.000246550247539 
1582.52120459 0.999701194163 0.000246615498327 
1582.52188568 1.00008327201 0.00024650467094 
1582.52256677 0.999679301003 0.000246587733272 
1582.52324796 1.0001922637 0.000246442679781 
1582.52392905 1.00034429148 0.000246384268394 
1582.52461015 0.999942849985 0.000246462790528 
1582.52529134 1.00011328748 0.000246400217293 
1582.52597233 0.99995344904 0.000246419163886 
1582.52665342 0.999905171888 0.000246411014814 
