1581.417647 1.00076889835 1.0 
1581.418328 1.00073202935 1.0 
1581.419009 1.00080023808 1.0 
1581.419691 1.00077811582 1.0 
1581.420372 1.00077074184 1.0 
1581.421053 1.00091823173 1.0 
1581.421734 1.00079747277 1.0 
1581.422415 1.00067304176 1.0 
1581.423096 1.00073571619 1.0 
1581.423777 1.00082051725 1.0 
1581.424458 1.00075507232 1.0 
1581.425139 1.00065368721 1.0 
1581.425821 1.00069608337 1.0 
1581.426502 1.00072004721 1.0 
1581.427183 1.00081590831 1.0 
1581.427864 1.00084448407 1.0 
1581.428545 1.0007937857 1.0 
1581.429226 1.000826048 1.0 
1581.429907 1.00058825319 1.0 
1581.430588 1.00081959546 1.0 
1581.431269 1.00083065699 1.0 
1581.431951 1.00098829705 1.0 
1581.432632 1.00079747277 1.0 
1581.433313 1.00074862023 1.0 
1581.433994 1.00070069176 1.0 
1581.434675 1.00068686666 1.0 
1581.435356 1.00074954196 1.0 
1581.436037 1.00075968098 1.0 
1581.436718 1.00056982184 1.0 
1581.437399 1.00082973519 1.0 
1581.438081 1.00073295105 1.0 
1581.438762 1.00065737376 1.0 
1581.439443 1.00081406474 1.0 
1581.440124 1.00080853406 1.0 
1581.440805 1.00066382526 1.0 
1581.441486 1.00070253512 1.0 
1581.442167 1.00064078439 1.0 
1581.442848 1.00069331835 1.0 
1581.44353 1.00074677679 1.0 
1581.444211 1.0005781159 1.0 
1581.444892 1.00062788173 1.0 
1581.445573 1.00086292048 1.0 
1581.446254 1.00056060629 1.0 
1581.446935 1.00081959546 1.0 
1581.447616 1.00074401162 1.0 
1581.448297 1.00075691578 1.0 
1581.448978 1.0009385133 1.0 
1581.449659 1.00082143904 1.0 
1581.450341 1.00055415546 1.0 
1581.451022 1.00075230713 1.0 
1581.451703 1.00066106033 1.0 
1581.452384 1.00096156102 1.0 
1581.453065 1.00075415059 1.0 
1581.453746 1.00072465571 1.0 
1581.454427 1.00049609985 1.0 
1581.455108 1.0008463277 1.0 
1581.455789 1.00055599855 1.0 
1581.456471 1.00077074184 1.0 
1581.457152 1.00079931631 1.0 
1581.457833 1.00075968098 1.0 
1581.458514 1.00075230713 1.0 
1581.459195 1.00067304176 1.0 
1581.459876 1.00076244618 1.0 
1581.460557 1.00076152444 1.0 
1581.461238 1.00079839454 1.0 
1581.461919 1.00079286394 1.0 
1581.462601 1.00072742081 1.0 
1581.463282 1.00098460928 1.0 
1581.463963 1.00063433304 1.0 
1581.464644 1.00072742081 1.0 
1581.465325 1.00081959546 1.0 
1581.466006 1.00064631415 1.0 
1581.466687 1.00081498653 1.0 
1581.467368 1.00073110764 1.0 
1581.468049 1.00068778833 1.0 
1581.468731 1.00089518501 1.0 
1581.469412 1.00081406474 1.0 
1581.470093 1.00063617628 1.0 
1581.470774 1.00071083028 1.0 
1581.471455 1.00062143047 1.0 
1581.472136 1.00079470747 1.0 
1581.472817 1.00074862023 1.0 
1581.473498 1.00075507232 1.0 
1581.474179 1.00069608337 1.0 
1581.47486 1.00077903757 1.0 
1581.475542 1.00068502333 1.0 
1581.476223 1.00077350708 1.0 
1581.476904 1.00074769851 1.0 
1581.477585 1.00060207692 1.0 
1581.478266 1.00066566855 1.0 
1581.478947 1.00065645212 1.0 
1581.479628 1.00074677679 1.0 
1581.480309 1.00060484169 1.0 
1581.48099 1.00090993485 1.0 
1581.481672 1.00085185859 1.0 
1581.482353 1.00077258533 1.0 
1581.483034 1.00086107682 1.0 
1581.483715 1.00071359535 1.0 
1581.484396 1.0009606391 1.0 
1581.485077 1.00070530016 1.0 
1581.485758 1.00082328262 1.0 
1581.486439 1.00079009865 1.0 
1581.48712 1.00089149758 1.0 
1581.487802 1.00067765004 1.0 
1581.488483 1.0008066905 1.0 
1581.489164 1.00076336792 1.0 
1581.489845 1.00065737376 1.0 
1581.490526 1.00073387276 1.0 
1581.491207 1.00102609748 1.0 
1581.491888 1.00096893641 1.0 
1581.492569 1.0006988484 1.0 
1581.493251 1.00075783751 1.0 
1581.493932 1.00080761228 1.0 
1581.494613 1.00072557741 1.0 
1581.495294 1.00078088108 1.0 
1581.495975 1.00063986276 1.0 
1581.496656 1.00069239667 1.0 
1581.497337 1.00079286394 1.0 
1581.498018 1.00074585506 1.0 
1581.498699 1.00076521139 1.0 
1581.499381 1.00089334129 1.0 
1581.500062 1.00069055333 1.0 
1581.500743 1.0006582954 1.0 
1581.501424 1.00071636043 1.0 
1581.502105 1.0005458616 1.0 
1581.502786 1.00081498653 1.0 
1581.503467 1.00073755961 1.0 
1581.504148 1.00070253512 1.0 
1581.504829 1.00076428965 1.0 
1581.505511 1.00079102041 1.0 
1581.506192 1.00086384231 1.0 
1581.506873 1.00064723578 1.0 
1581.507554 1.00091454422 1.0 
1581.508235 1.00088412277 1.0 
1581.508916 1.00087859169 1.0 
1581.509597 1.00082512621 1.0 
1581.510278 1.00072281231 1.0 
1581.510959 1.00067119845 1.0 
1581.511641 1.00061037125 1.0 
1581.512322 1.00079839454 1.0 
1581.513003 1.0007034568 1.0 
1581.513684 1.0007089869 1.0 
1581.514365 1.00062972496 1.0 
1581.515046 1.0007698201 1.0 
1581.515727 1.00067949335 1.0 
1581.516408 1.00075507232 1.0 
1581.517089 1.00077442882 1.0 
1581.517771 1.00086292048 1.0 
1581.518452 1.00085370223 1.0 
1581.519133 1.00083065699 1.0 
1581.519814 1.00069608337 1.0 
1581.520495 1.0007698201 1.0 
1581.521176 1.00090440363 1.0 
1581.521857 1.00073571619 1.0 
1581.522538 1.00092191926 1.0 
1581.523219 1.00093113813 1.0 
1581.523901 1.00085554587 1.0 
1581.524582 1.00080853406 1.0 
1581.525263 1.00083434419 1.0 
1581.525944 1.0007089869 1.0 
1581.526625 1.00082973519 1.0 
1581.527306 1.00078180283 1.0 
1581.527987 1.00081590831 1.0 
1581.528668 1.00071451704 1.0 
1581.529349 1.0009385133 1.0 
1581.530031 1.00088781017 1.0 
1581.530712 1.00081314296 1.0 
1581.531393 1.00074124647 1.0 
1581.532074 1.00077811582 1.0 
1581.532755 1.00072926422 1.0 
1581.533436 1.00073110764 1.0 
1581.534117 1.0009053255 1.0 
1581.534798 1.00081406474 1.0 
1581.535479 1.00075691578 1.0 
1581.53616 1.00068225834 1.0 
1581.536842 1.00065921704 1.0 
1581.537523 1.0009551076 1.0 
1581.538204 1.0007089869 1.0 
1581.538885 1.00081314296 1.0 
1581.539566 1.00072742081 1.0 
1581.540247 1.00075968098 1.0 
1581.540928 1.00084264045 1.0 
1581.541609 1.00066566855 1.0 
1581.54229 1.00096985833 1.0 
1581.542972 1.00078917689 1.0 
1581.543653 1.00100950199 1.0 
1581.544334 1.00075322886 1.0 
1581.545015 1.00074124647 1.0 
1581.545696 1.00075875924 1.0 
1581.546377 1.0008066905 1.0 
1581.547058 1.00075783751 1.0 
1581.547739 1.00087213881 1.0 
1581.54842 1.00079009865 1.0 
1581.549102 1.00089702873 1.0 
1581.549783 1.00068041501 1.0 
1581.550464 1.00102333155 1.0 
1581.551145 1.00079102041 1.0 
1581.551826 1.00081314296 1.0 
1581.552507 1.00084909314 1.0 
1581.553188 1.00084817133 1.0 
1581.553869 1.00070161343 1.0 
1581.55455 1.00078364634 1.0 
1581.555232 1.00063064657 1.0 
1581.555913 1.00095787335 1.0 
1581.556594 1.00072004721 1.0 
1581.557275 1.00071359535 1.0 
1581.557956 1.0008066905 1.0 
1581.558637 1.00087306065 1.0 
1581.559318 1.00088965387 1.0 
1581.559999 1.00087582616 1.0 
1581.56068 1.00082420442 1.0 
1581.561362 1.00071912551 1.0 
1581.562043 1.00084264045 1.0 
1581.562724 1.00087859169 1.0 
1581.563405 1.00071543873 1.0 
1581.564086 1.0009375914 1.0 
1581.564767 1.00075138541 1.0 
1581.565448 1.00071636043 1.0 
1581.566129 1.00062880334 1.0 
1581.56681 1.00080392517 1.0 
1581.567492 1.00078917689 1.0 
1581.568173 1.00080484695 1.0 
1581.568854 1.00067396341 1.0 
1581.569535 1.00076521139 1.0 
1581.570216 1.00092468491 1.0 
1581.570897 1.00074124647 1.0 
1581.571578 1.00076060271 1.0 
1581.572259 1.00089702873 1.0 
1581.57294 1.00075599405 1.0 
1581.573622 1.0008463277 1.0 
1581.574303 1.00085093677 1.0 
1581.574984 1.00063801952 1.0 
1581.575665 1.00085738952 1.0 
1581.576346 1.00085462405 1.0 
1581.577027 1.00099106289 1.0 
1581.577708 1.00088504461 1.0 
1581.578389 1.00082973519 1.0 
1581.579071 1.00085831134 1.0 
1581.579752 1.00068870999 1.0 
1581.580433 1.00085278041 1.0 
1581.581114 1.00089334129 1.0 
1581.581795 1.00079286394 1.0 
1581.582476 1.00071636043 1.0 
1581.583157 1.00074308991 1.0 
1581.583838 1.0009256068 1.0 
1581.584519 1.00090809111 1.0 
1581.585201 1.00066198197 1.0 
1581.585882 1.00069239667 1.0 
1581.586563 1.00058548846 1.0 
1581.587244 1.00072004721 1.0 
1581.587925 1.00071267366 1.0 
1581.588606 1.0008066905 1.0 
1581.589287 1.0006988484 1.0 
1581.589968 1.00083157879 1.0 
1581.590649 1.00082328262 1.0 
1581.591331 1.00077535057 1.0 
1581.592012 1.00074124647 1.0 
1581.592693 1.00074401162 1.0 
1581.593374 1.00069424002 1.0 
1581.594055 1.00073571619 1.0 
1581.594736 1.00080945583 1.0 
1581.595417 1.00087490432 1.0 
1581.596098 1.00089887245 1.0 
1581.596779 1.00076060271 1.0 
1581.597461 1.00060484169 1.0 
1581.598142 1.00076705487 1.0 
1581.598823 1.0007937857 1.0 
1581.599504 1.00077442882 1.0 
1581.600185 1.00083987502 1.0 
1581.600866 1.00075046368 1.0 
1581.601547 1.00073848132 1.0 
1581.602228 1.00070622185 1.0 
1581.602909 1.00088596646 1.0 
1581.60359 1.0008112994 1.0 
1581.604272 1.00080576872 1.0 
1581.604953 1.00076613313 1.0 
1581.605634 1.00064907904 1.0 
1581.606315 1.0008278916 1.0 
1581.606996 1.00086845147 1.0 
1581.607677 1.00067949335 1.0 
1581.608358 1.00063433304 1.0 
1581.609039 1.00082512621 1.0 
1581.60972 1.00067580672 1.0 
1581.610402 1.00089426315 1.0 
1581.611083 1.00051360833 1.0 
1581.611764 1.00070806522 1.0 
1581.612445 1.00062327368 1.0 
1581.613126 1.00083987502 1.0 
1581.613807 1.0008666078 1.0 
1581.614488 1.0007698201 1.0 
1581.615169 1.00060668487 1.0 
1581.61585 1.00092745057 1.0 
1581.616532 1.00093390381 1.0 
1581.617213 1.00071083028 1.0 
1581.617894 1.00081775188 1.0 
1581.618575 1.00081775188 1.0 
1581.619256 1.00068041501 1.0 
1581.619937 1.00085001496 1.0 
1581.620618 1.00070714353 1.0 
1581.621299 1.00085001496 1.0 
1581.62198 1.00068318 1.0 
1581.622661 1.00070161343 1.0 
1581.623343 1.00057535121 1.0 
1581.624024 1.00080945583 1.0 
1581.624705 1.00085093677 1.0 
1581.625386 1.00090071617 1.0 
1581.626067 1.00058733161 1.0 
1581.626748 1.00076428965 1.0 
1581.627429 1.00075415059 1.0 
1581.62811 1.00074493334 1.0 
1581.628792 1.00077442882 1.0 
1581.629473 1.00088320092 1.0 
1581.630154 1.00075783751 1.0 
1581.630835 1.00077350708 1.0 
1581.631516 1.00082236083 1.0 
1581.632197 1.00068870999 1.0 
1581.632878 1.00063341142 1.0 
1581.633559 1.00071912551 1.0 
1581.63424 1.00074401162 1.0 
1581.634922 1.00071820382 1.0 
1581.635603 1.00076428965 1.0 
1581.636284 1.00091823173 1.0 
1581.636965 1.0008564677 1.0 
1581.637646 1.00079470747 1.0 
1581.638327 1.0006582954 1.0 
1581.639008 1.00091823173 1.0 
1581.639689 1.00081867367 1.0 
1581.64037 1.00077627232 1.0 
1581.641052 1.00076613313 1.0 
1581.641733 1.00068133667 1.0 
1581.642414 1.00077442882 1.0 
1581.643095 1.00078548985 1.0 
1581.643776 1.00071359535 1.0 
1581.644457 1.00056521406 1.0 
1581.645138 1.00066106033 1.0 
1581.645819 1.0005919395 1.0 
1581.6465 1.00081867367 1.0 
1581.647182 1.00081222118 1.0 
1581.647863 1.00080115985 1.0 
1581.648544 1.00061221444 1.0 
1581.649225 1.00089241943 1.0 
1581.649906 1.00089334129 1.0 
1581.650587 1.00083803141 1.0 
1581.651268 1.00087766985 1.0 
1581.651949 1.00087306065 1.0 
1581.65263 1.00065368721 1.0 
1581.653312 1.00088688831 1.0 
1581.653993 1.00082328262 1.0 
1581.654674 1.00091270047 1.0 
1581.655355 1.00060668487 1.0 
1581.656036 1.00059009634 1.0 
1581.656717 1.00065921704 1.0 
1581.657398 1.00060023374 1.0 
1581.658079 1.00084817133 1.0 
1581.65876 1.00068225834 1.0 
1581.659442 1.00088320092 1.0 
1581.660123 1.0007034568 1.0 
1581.660804 1.00083434419 1.0 
1581.661485 1.00089979431 1.0 
1581.662166 1.00084817133 1.0 
1581.662847 1.0006702768 1.0 
1581.663528 1.00078548985 1.0 
1581.664209 1.00096801448 1.0 
1581.664891 1.00079470747 1.0 
1581.665571 1.00077627232 1.0 
1581.666253 1.00087213881 1.0 
1581.666934 1.00084909314 1.0 
1581.667615 1.00081037761 1.0 
1581.668296 1.00084079683 1.0 
1581.668977 1.00084909314 1.0 
1581.669658 1.00085278041 1.0 
1581.670339 1.00064815741 1.0 
1581.67102 1.00072465571 1.0 
1581.671702 1.00071083028 1.0 
1581.672383 1.00074677679 1.0 
1581.673064 1.00074124647 1.0 
1581.673745 1.00064354926 1.0 
1581.674426 1.00073202935 1.0 
1581.675107 1.00082236083 1.0 
1581.675788 1.00073848132 1.0 
1581.676469 1.00079194218 1.0 
1581.67715 1.00070622185 1.0 
1581.677832 1.00061497924 1.0 
1581.678513 1.00081775188 1.0 
1581.679194 1.00065645212 1.0 
1581.679875 1.00062972496 1.0 
1581.680556 1.00071267366 1.0 
1581.681237 1.00065368721 1.0 
1581.681918 1.00069424002 1.0 
1581.682599 1.00060576328 1.0 
1581.68328 1.00045647652 1.0 
1581.683961 1.00039566237 1.0 
1581.684643 1.00051360833 1.0 
1581.685324 1.00071820382 1.0 
1581.686005 1.00034590809 1.0 
1581.686686 1.00045371216 1.0 
1581.687367 1.00045555507 1.0 
1581.688048 1.0002454857 1.0 
1581.688729 1.00026114724 1.0 
1581.68941 1.00025561961 1.0 
1581.690091 1.00025654088 1.0 
1581.690773 1.0001717876 1.0 
1581.691454 1.00024272192 1.0 
1581.692135 0.999988487141 1.0 
1581.692816 1.00018744799 1.0 
1581.693497 1.00007875151 1.0 
1581.694178 1.00006861939 1.0 
1581.694859 1.0000096709 1.0 
1581.69554 0.999674467465 1.0 
1581.696222 0.999628431815 1.0 
1581.696903 0.999701169114 1.0 
1581.697584 0.999804299419 1.0 
1581.698265 0.999708535211 1.0 
1581.698946 0.999639480177 1.0 
1581.699627 0.999574112474 1.0 
1581.700308 0.999459959412 1.0 
1581.700989 0.999631193894 1.0 
1581.70167 0.999474688106 1.0 
1581.702351 0.999279550514 1.0 
1581.703033 0.999151627207 1.0 
1581.703714 0.999379875932 1.0 
1581.704395 0.999367909987 1.0 
1581.705076 0.999231692396 1.0 
1581.705757 0.998900429813 1.0 
1581.706438 0.998808431921 1.0 
1581.707119 0.99894275169 1.0 
1581.7078 0.998873749552 1.0 
1581.708482 0.998703564658 1.0 
1581.709163 0.998807511984 1.0 
1581.709844 0.99851593493 1.0 
1581.710525 0.998755077025 1.0 
1581.711206 0.998793713044 1.0 
1581.711887 0.998556401105 1.0 
1581.712568 0.998489264939 1.0 
1581.713249 0.998267655669 1.0 
1581.71393 0.998207893956 1.0 
1581.714612 0.998354086628 1.0 
1581.715293 0.998297078134 1.0 
1581.715974 0.998159167822 1.0 
1581.716655 0.998199619539 1.0 
1581.717336 0.998037822508 1.0 
1581.718017 0.997831936943 1.0 
1581.718698 0.997886161609 1.0 
1581.719379 0.997816313433 1.0 
1581.72006 0.997855832195 1.0 
1581.720742 0.997575558512 1.0 
1581.721423 0.997853075022 1.0 
1581.722104 0.99772073964 1.0 
1581.722785 0.997605879407 1.0 
1581.723466 0.997559939017 1.0 
1581.724147 0.99760955473 1.0 
1581.724828 0.997462552385 1.0 
1581.725509 0.997184226044 1.0 
1581.72619 0.997173204818 1.0 
1581.726872 0.997198002748 1.0 
1581.727553 0.99712912113 1.0 
1581.728234 0.997132794696 1.0 
1581.728915 0.996963824657 1.0 
1581.729596 0.996975761818 1.0 
1581.730277 0.997194328942 1.0 
1581.730958 0.996821507986 1.0 
1581.731639 0.997037286373 1.0 
1581.73232 0.996763668952 1.0 
1581.733001 0.996749898248 1.0 
1581.733683 0.996782948257 1.0 
1581.734364 0.996642493287 1.0 
1581.735045 0.996633313913 1.0 
1581.735726 0.996514907563 1.0 
1581.736407 0.996348795239 1.0 
1581.737088 0.996254279593 1.0 
1581.737769 0.996338700907 1.0 
1581.73845 0.996241433499 1.0 
1581.739131 0.996190050777 1.0 
1581.739813 0.996259785113 1.0 
1581.740494 0.996087293283 1.0 
1581.741175 0.996080871292 1.0 
1581.741856 0.996023075232 1.0 
1581.742537 0.995827694342 1.0 
1581.743218 0.995852458812 1.0 
1581.743899 0.995709383706 1.0 
1581.74458 0.995723140034 1.0 
1581.745261 0.995720388753 1.0 
1581.745943 0.99566353065 1.0 
1581.746624 0.995660779534 1.0 
1581.747305 0.995627766732 1.0 
1581.747986 0.995557159692 1.0 
1581.748667 0.995511313646 1.0 
1581.749348 0.995503978475 1.0 
1581.750029 0.995578249582 1.0 
1581.75071 0.99540495895 1.0 
1581.751392 0.995382955949 1.0 
1581.752073 0.995350869111 1.0 
1581.752754 0.995232615125 1.0 
1581.753435 0.995384789514 1.0 
1581.754116 0.995121707488 1.0 
1581.754797 0.99518220103 1.0 
1581.755478 0.99540770936 1.0 
1581.756159 0.995163869265 1.0 
1581.75684 0.995278448336 1.0 
1581.757521 0.994885268013 1.0 
1581.758203 0.99506763304 1.0 
1581.758884 0.995183117627 1.0 
1581.759565 0.995185867424 1.0 
1581.760246 0.995328867306 1.0 
1581.760927 0.995233531768 1.0 
1581.761608 0.995049303386 1.0 
1581.762289 0.99532336693 1.0 
1581.76297 0.995000731435 1.0 
1581.763651 0.995049303386 1.0 
1581.764333 0.99513087294 1.0 
1581.765014 0.995164785846 1.0 
1581.765695 0.99509696119 1.0 
1581.766376 0.994921921616 1.0 
1581.767057 0.994906343669 1.0 
1581.767738 0.994928336135 1.0 
1581.768419 0.99508871256 1.0 
1581.7691 0.995124457115 1.0 
1581.769781 0.994858694995 1.0 
1581.770463 0.995017227303 1.0 
1581.771144 0.994780812652 1.0 
1581.771825 0.99500439716 1.0 
1581.772506 0.995009895772 1.0 
1581.773187 0.994805551089 1.0 
1581.773868 0.994859611294 1.0 
1581.774549 0.994978737369 1.0 
1581.77523 0.99478172888 1.0 
1581.775911 0.994934750696 1.0 
1581.776593 0.994894431287 1.0 
1581.777274 0.994771650425 1.0 
1581.777955 0.994846783183 1.0 
1581.778636 0.994876104823 1.0 
1581.779317 0.994760655863 1.0 
1581.779998 0.994957660179 1.0 
1581.780679 0.994876104823 1.0 
1581.78136 0.994765236915 1.0 
1581.782041 0.994701104098 1.0 
1581.782723 0.994872439571 1.0 
1581.783404 0.994759739655 1.0 
1581.784085 0.994738667104 1.0 
1581.784766 0.994745996636 1.0 
1581.785447 0.99481929493 1.0 
1581.786128 0.994635143228 1.0 
1581.786809 0.994606744756 1.0 
1581.78749 0.99469102646 1.0 
1581.788171 0.99469743949 1.0 
1581.788853 0.994579263135 1.0 
1581.789534 0.994704768719 1.0 
1581.790215 0.99462140193 1.0 
1581.790896 0.994651633035 1.0 
1581.791577 0.994508730452 1.0 
1581.792258 0.994440950509 1.0 
1581.792939 0.994610409029 1.0 
1581.79362 0.994650716928 1.0 
1581.794302 0.994564606582 1.0 
1581.794983 0.994769817989 1.0 
1581.795664 0.994505982527 1.0 
1581.796345 0.994659878041 1.0 
1581.797026 0.9945682707 1.0 
1581.797707 0.994566438639 1.0 
1581.798388 0.9946113251 1.0 
1581.799069 0.994739583292 1.0 
1581.79975 0.994566438639 1.0 
1581.800431 0.994614073316 1.0 
1581.801113 0.994440034596 1.0 
1581.801794 0.994392408254 1.0 
1581.802475 0.994477587743 1.0 
1581.803156 0.994485831306 1.0 
1581.803837 0.994452857462 1.0 
1581.804518 0.994518806244 1.0 
1581.805199 0.994440950509 1.0 
1581.80588 0.994601248371 1.0 
1581.806561 0.994558194407 1.0 
1581.807243 0.994471176129 1.0 
1581.807924 0.994275183899 1.0 
1581.808605 0.994425380094 1.0 
1581.809286 0.994483083444 1.0 
1581.809967 0.994502318638 1.0 
1581.810648 0.994466596431 1.0 
1581.811329 0.994464764557 1.0 
1581.81201 0.994431791412 1.0 
1581.812691 0.994356689994 1.0 
1581.813373 0.994440950509 1.0 
1581.814054 0.994447361928 1.0 
1581.814735 0.994472092071 1.0 
1581.815416 0.994512394365 1.0 
1581.816097 0.994317309811 1.0 
1581.816778 0.994500486699 1.0 
1581.817459 0.994316394011 1.0 
1581.81814 0.994372259334 1.0 
1581.818821 0.994377754454 1.0 
1581.819503 0.994253205871 1.0 
1581.820184 0.994319141413 1.0 
1581.820865 0.994394239994 1.0 
1581.821546 0.99436310087 1.0 
1581.822227 0.99428800464 1.0 
1581.822908 0.994490411093 1.0 
1581.823589 0.994547202205 1.0 
1581.82427 0.994304488692 1.0 
1581.824951 0.994159804672 1.0 
1581.825632 0.99438599719 1.0 
1581.826314 0.994500486699 1.0 
1581.826995 0.994352110823 1.0 
1581.827676 0.994418968817 1.0 
1581.828357 0.994216576904 1.0 
1581.829038 0.994285257325 1.0 
1581.829719 0.994098457679 1.0 
1581.8304 0.994386913054 1.0 
1581.831081 0.994265110576 1.0 
1581.831763 0.994336541799 1.0 
1581.832444 0.994270605103 1.0 
1581.833125 0.994336541799 1.0 
1581.833806 0.994135082294 1.0 
1581.834487 0.994255037355 1.0 
1581.835168 0.99423214405 1.0 
1581.835849 0.99438599719 1.0 
1581.83653 0.994209251273 1.0 
1581.837211 0.994396071738 1.0 
1581.837893 0.994163467299 1.0 
1581.838574 0.994400651111 1.0 
1581.839255 0.994131419772 1.0 
1581.839936 0.994267857836 1.0 
1581.840617 0.994294415072 1.0 
1581.841298 0.994286173096 1.0 
1581.841979 0.994448277848 1.0 
1581.84266 0.994192768799 1.0 
1581.843341 0.994386913054 1.0 
1581.844023 0.994282510017 1.0 
1581.844704 0.994336541799 1.0 
1581.845385 0.994095710887 1.0 
1581.846066 0.994198262927 1.0 
1581.846747 0.994031621234 1.0 
1581.847428 0.994222986876 1.0 
1581.848109 0.994272436619 1.0 
1581.84879 0.994174455261 1.0 
1581.849471 0.994135997927 1.0 
1581.850153 0.994114022976 1.0 
1581.850834 0.994114022976 1.0 
1581.851515 0.994137829195 1.0 
1581.852196 0.994275183899 1.0 
1581.852877 0.99422390259 1.0 
1581.853558 0.994195515859 1.0 
1581.854239 0.994255953098 1.0 
1581.85492 0.99413691356 1.0 
1581.855601 0.994154310757 1.0 
1581.856283 0.994298078195 1.0 
1581.856964 0.994156142059 1.0 
1581.857645 0.994139660466 1.0 
1581.858326 0.994260531827 1.0 
1581.859007 0.994174455261 1.0 
1581.859688 0.994096626484 1.0 
1581.860369 0.994108529314 1.0 
1581.86105 0.994280678482 1.0 
1581.861731 0.9941451543 1.0 
1581.862412 0.994210166974 1.0 
1581.863094 0.994153395108 1.0 
1581.863775 0.994215661197 1.0 
1581.864456 0.994114022976 1.0 
1581.865137 0.994117685434 1.0 
1581.865818 0.994107613706 1.0 
1581.866499 0.994154310757 1.0 
1581.86718 0.994086554969 1.0 
1581.867861 0.994154310757 1.0 
1581.868542 0.994014226184 1.0 
1581.869224 0.993949226323 1.0 
1581.869905 0.993956550039 1.0 
1581.870586 0.994113107363 1.0 
1581.871267 0.994114938589 1.0 
1581.871948 0.994025212496 1.0 
1581.872629 0.994158889018 1.0 
1581.87331 0.99419093743 1.0 
1581.873991 0.994166214278 1.0 
1581.874673 0.994122263525 1.0 
1581.875354 0.994121347905 1.0 
1581.876035 0.994301741331 1.0 
1581.876716 0.994046269933 1.0 
1581.877397 0.993973028596 1.0 
1581.878078 0.994040776646 1.0 
1581.878759 0.993954719105 1.0 
1581.87944 0.994039861101 1.0 
1581.880121 0.994137829195 1.0 
1581.880803 0.994069158958 1.0 
1581.881484 0.994156142059 1.0 
1581.882165 0.994161635984 1.0 
1581.882846 0.99409204851 1.0 
1581.883527 0.994069158958 1.0 
1581.884208 0.994040776646 1.0 
1581.884889 0.994056341039 1.0 
1581.88557 0.994116769818 1.0 
1581.886251 0.993887892324 1.0 
1581.886933 0.994122263525 1.0 
1581.887614 0.994206504175 1.0 
1581.888295 0.993943733572 1.0 
1581.888976 0.994004155505 1.0 
1581.889657 0.994015141706 1.0 
1581.890338 0.994101204478 1.0 
1581.891019 0.993980352487 1.0 
1581.8917 0.994161635984 1.0 
1581.892381 0.994093879697 1.0 
1581.893063 0.993989507426 1.0 
1581.893744 0.994082892626 1.0 
1581.894425 0.993915354841 1.0 
1581.895106 0.99387690753 1.0 
1581.895787 0.994053594364 1.0 
1581.896468 0.993941902661 1.0 
1581.897149 0.993950141785 1.0 
1581.89783 0.99400964859 1.0 
1581.898511 0.994048101036 1.0 
1581.899193 0.994077399136 1.0 
1581.899874 0.994080145877 1.0 
1581.900555 0.994066412247 1.0 
1581.901236 0.99398584544 1.0 
1581.901917 0.993940071755 1.0 
1581.902598 0.99407007453 1.0 
1581.903279 0.993768896853 1.0 
1581.90396 0.993930001827 1.0 
1581.904641 0.99393274816 1.0 
1581.905322 0.994131419772 1.0 
1581.906004 0.994003239994 1.0 
1581.906685 0.993976690535 1.0 
1581.907366 0.994062749978 1.0 
1581.908047 0.994007817558 1.0 
1581.908728 0.994051763251 1.0 
1581.909409 0.993846699972 1.0 
1581.91009 0.993915354841 1.0 
1581.910771 0.994038945557 1.0 
1581.911452 0.993900708071 1.0 
1581.912134 0.993964789283 1.0 
1581.912815 0.994016972751 1.0 
1581.913496 0.993868669014 1.0 
1581.914177 0.993956550039 1.0 
1581.914858 0.994016057228 1.0 
1581.915539 0.993947395403 1.0 
1581.91622 0.994067327817 1.0 
1581.916901 0.993962042861 1.0 
1581.917583 0.99398584544 1.0 
1581.918264 0.993968451191 1.0 
1581.918945 0.994045354383 1.0 
1581.919626 0.993859515187 1.0 
1581.920307 0.993935494502 1.0 
1581.920988 0.993788118233 1.0 
1581.921669 0.994037114471 1.0 
1581.92235 0.993857684432 1.0 
1581.923031 0.994131419772 1.0 
1581.923713 0.993942818116 1.0 
1581.924394 0.994015141706 1.0 
1581.925075 0.993976690535 1.0 
1581.925756 0.993911693128 1.0 
1581.926437 0.993969366671 1.0 
1581.927118 0.99392176287 1.0 
1581.927799 0.993891553949 1.0 
1581.92848 0.99395197271 1.0 
1581.929161 0.993832054213 1.0 
1581.929842 0.994082892626 1.0 
1581.930524 0.993919932001 1.0 
1581.931205 0.993908946852 1.0 
1581.931886 0.993990422925 1.0 
1581.932567 0.993972113113 1.0 
1581.933248 0.993875076742 1.0 
1581.933929 0.993746930016 1.0 
1581.93461 0.993982183468 1.0 
1581.935291 0.994070990103 1.0 
1581.935972 0.993962958334 1.0 
1581.936654 0.993916270271 1.0 
1581.937335 0.993934579054 1.0 
1581.938016 0.9940572566 1.0 
1581.938697 0.993887892324 1.0 
1581.939378 0.993848530706 1.0 
1581.940059 0.993997746944 1.0 
1581.94074 0.993956550039 1.0 
1581.941421 0.993875992136 1.0 
1581.942102 0.993809170648 1.0 
1581.942784 0.99388697692 1.0 
1581.943465 0.994021550379 1.0 
1581.944146 0.99411860105 1.0 
1581.944827 0.994081977042 1.0 
1581.945508 0.993922678307 1.0 
1581.946189 0.99387873832 1.0 
1581.94687 0.994020634851 1.0 
1581.947551 0.993865922857 1.0 
1581.948232 0.993914439411 1.0 
1581.948914 0.993739607845 1.0 
1581.949595 0.994001408974 1.0 
1581.950276 0.993883315312 1.0 
1581.950957 0.994042607738 1.0 
1581.951638 0.993924509182 1.0 
1581.952319 0.993805509326 1.0 
1581.953 0.993945564486 1.0 
1581.953681 0.993843038512 1.0 
1581.954363 0.993731370467 1.0 
1581.955044 0.993737777311 1.0 
1581.955725 0.993856769056 1.0 
1581.956406 0.994093879697 1.0 
1581.957087 0.99399500043 1.0 
1581.957768 0.993995915934 1.0 
1581.958449 0.99393091727 1.0 
1581.95913 0.993840292426 1.0 
1581.959811 0.993995915934 1.0 
1581.960493 0.994052678807 1.0 
1581.961174 0.994023381436 1.0 
1581.961855 0.993973028596 1.0 
1581.962536 0.993778049845 1.0 
1581.963217 0.993869584401 1.0 
1581.963898 0.993792694807 1.0 
1581.964579 0.994129588516 1.0 
1581.96526 0.993702997799 1.0 
1581.965941 0.993790864175 1.0 
1581.966622 0.993938240851 1.0 
1581.967304 0.993954719105 1.0 
1581.967985 0.99393091727 1.0 
1581.968666 0.994040776646 1.0 
1581.969347 0.99399866245 1.0 
1581.970028 0.994103035682 1.0 
1581.970709 0.993943733572 1.0 
1581.97139 0.993967535713 1.0 
1581.972071 0.99392542462 1.0 
1581.972752 0.993912608555 1.0 
1581.973434 0.993897961825 1.0 
1581.974115 0.993906200584 1.0 
1581.974796 0.993721302654 1.0 
1581.975477 0.993845784605 1.0 
1581.976158 0.993848530706 1.0 
1581.976839 0.993731370467 1.0 
1581.97752 0.993790864175 1.0 
1581.978201 0.993887892324 1.0 
1581.978883 0.994119516668 1.0 
1581.979564 0.993973944079 1.0 
1581.980245 0.994003239994 1.0 
1581.980926 0.99383663099 1.0 
1581.981607 0.993906200584 1.0 
1581.982288 0.993832054213 1.0 
1581.982969 0.994022465907 1.0 
1581.98365 0.993674625942 1.0 
1581.984331 0.993707573981 1.0 
1581.985012 0.993875076742 1.0 
1581.985694 0.99393274816 1.0 
1581.986375 0.993845784605 1.0 
1581.987056 0.9939373254 1.0 
1581.987737 0.99382656211 1.0 
1581.988418 0.993906200584 1.0 
1581.989099 0.993857684432 1.0 
1581.98978 0.993817408671 1.0 
1581.990461 0.99393091727 1.0 
1581.991143 0.993893384767 1.0 
1581.991823 0.993839377065 1.0 
1581.992505 0.994029790162 1.0 
1581.993186 0.99398309896 1.0 
1581.993867 0.993931832715 1.0 
1581.994548 0.993987676432 1.0 
1581.995229 0.994022465907 1.0 
1581.99591 0.993944649028 1.0 
1581.996591 0.993908031429 1.0 
1581.997272 0.993849446075 1.0 
1581.997954 0.993633442428 1.0 
1581.998635 0.993880569114 1.0 
1581.999316 0.993738692578 1.0 
1581.999997 0.993860430566 1.0 
1582.000678 0.993907116006 1.0 
1582.001359 0.994027959093 1.0 
1582.00204 0.993803678671 1.0 
1582.002721 0.993871415178 1.0 
1582.003402 0.993813747319 1.0 
1582.004084 0.993970282151 1.0 
1582.004765 0.993935494502 1.0 
1582.005446 0.993919932001 1.0 
1582.006127 0.993923593744 1.0 
1582.006808 0.993992253925 1.0 
1582.007489 0.993857684432 1.0 
1582.00817 0.993823816069 1.0 
1582.008851 0.993837546347 1.0 
1582.009532 0.99387690753 1.0 
1582.010214 0.993974859563 1.0 
1582.010895 0.993813747319 1.0 
1582.011576 0.993940071755 1.0 
1582.012257 0.993935494502 1.0 
1582.012938 0.993714895916 1.0 
1582.013619 0.99389887724 1.0 
1582.0143 0.993897046412 1.0 
1582.014981 0.993909862277 1.0 
1582.015662 0.994127757263 1.0 
1582.016344 0.993967535713 1.0 
1582.017025 0.99400964859 1.0 
1582.017706 0.994056341039 1.0 
1582.018387 0.993850361445 1.0 
1582.019068 0.994074652403 1.0 
1582.019749 0.994045354383 1.0 
1582.02043 0.994038030014 1.0 
1582.021111 0.993958380976 1.0 
1582.021792 0.994048101036 1.0 
1582.022474 0.994010564107 1.0 
1582.023155 0.993973028596 1.0 
1582.023836 0.99393091727 1.0 
1582.024517 0.993940071755 1.0 
1582.025198 0.993972113113 1.0 
1582.025879 0.993739607845 1.0 
1582.02656 0.993825646762 1.0 
1582.027241 0.994107613706 1.0 
1582.027922 0.993816493332 1.0 
1582.028604 0.994007817558 1.0 
1582.029285 0.994024296965 1.0 
1582.029966 0.994099373278 1.0 
1582.030647 0.993889723135 1.0 
1582.031328 0.994190021747 1.0 
1582.032009 0.993954719105 1.0 
1582.03269 0.994060918849 1.0 
1582.033371 0.993928170941 1.0 
1582.034053 0.993995915934 1.0 
1582.034734 0.993935494502 1.0 
1582.035415 0.993989507426 1.0 
1582.036096 0.994067327817 1.0 
1582.036777 0.99403345231 1.0 
1582.037458 0.994040776646 1.0 
1582.038139 0.993840292426 1.0 
1582.03882 0.994003239994 1.0 
1582.039501 0.993942818116 1.0 
1582.040182 0.994070990103 1.0 
1582.040864 0.994089301736 1.0 
1582.041545 0.994081061459 1.0 
1582.042226 0.994164382958 1.0 
1582.042907 0.993936409951 1.0 
1582.043588 0.993970282151 1.0 
1582.044269 0.993806424656 1.0 
1582.04495 0.994027959093 1.0 
1582.045631 0.994100288878 1.0 
1582.046312 0.993779880453 1.0 
1582.046994 0.994003239994 1.0 
1582.047675 0.993900708071 1.0 
1582.048356 0.99411860105 1.0 
1582.049037 0.99393274816 1.0 
1582.049718 0.99387873832 1.0 
1582.050399 0.994083808211 1.0 
1582.05108 0.993964789283 1.0 
1582.051761 0.994097542081 1.0 
1582.052442 0.994010564107 1.0 
1582.053124 0.994017888275 1.0 
1582.053805 0.993970282151 1.0 
1582.054486 0.99405542548 1.0 
1582.055167 0.994103035682 1.0 
1582.055848 0.993858599809 1.0 
1582.056529 0.994091132918 1.0 
1582.05721 0.993991338424 1.0 
1582.057891 0.994086554969 1.0 
1582.058572 0.993922678307 1.0 
1582.059253 0.993941902661 1.0 
1582.059935 0.994005071017 1.0 
1582.060616 0.994093879697 1.0 
1582.061297 0.994168961265 1.0 
1582.061978 0.994103951285 1.0 
1582.062659 0.994060918849 1.0 
1582.06334 0.994027959093 1.0 
1582.064021 0.994065496679 1.0 
1582.064702 0.993870499789 1.0 
1582.065383 0.99400598653 1.0 
1582.066065 0.994030705698 1.0 
1582.066746 0.993949226323 1.0 
1582.067427 0.994103951285 1.0 
1582.068108 0.993960211917 1.0 
1582.068789 0.994098457679 1.0 
1582.06947 0.994029790162 1.0 
1582.070151 0.994119516668 1.0 
1582.070832 0.994179949287 1.0 
1582.071514 0.993976690535 1.0 
1582.072195 0.994045354383 1.0 
1582.072876 0.994010564107 1.0 
1582.073557 0.994161635984 1.0 
1582.074238 0.994016972751 1.0 
1582.074919 0.994127757263 1.0 
1582.0756 0.994182696311 1.0 
1582.076281 0.994140576103 1.0 
1582.076962 0.994018803799 1.0 
1582.077644 0.994140576103 1.0 
1582.078325 0.994250458652 1.0 
1582.079006 0.994258700333 1.0 
1582.079687 0.9941066981 1.0 
1582.080368 0.993894300177 1.0 
1582.081049 0.994099373278 1.0 
1582.08173 0.994148816873 1.0 
1582.082411 0.994182696311 1.0 
1582.083092 0.994212914082 1.0 
1582.083774 0.994123179146 1.0 
1582.084455 0.994228481171 1.0 
1582.085136 0.994038030014 1.0 
1582.085817 0.994142407379 1.0 
1582.086498 0.994187274702 1.0 
1582.087179 0.994025212496 1.0 
1582.08786 0.994210166974 1.0 
1582.088541 0.994172623925 1.0 
1582.089222 0.994371343484 1.0 
1582.089904 0.994114022976 1.0 
1582.090585 0.994278846951 1.0 
1582.091266 0.994234891219 1.0 
1582.091947 0.994300825546 1.0 
1582.092628 0.994255037355 1.0 
1582.093309 0.993955634571 1.0 
1582.09399 0.994027959093 1.0 
1582.094671 0.994282510017 1.0 
1582.095352 0.994181780636 1.0 
1582.096034 0.994100288878 1.0 
1582.096715 0.994298993978 1.0 
1582.097396 0.994332878534 1.0 
1582.098077 0.994209251273 1.0 
1582.098758 0.994224818304 1.0 
1582.099439 0.994211998378 1.0 
1582.10012 0.994072821251 1.0 
1582.100801 0.994239469851 1.0 
1582.101482 0.994453773387 1.0 
1582.102164 0.994027959093 1.0 
1582.102845 0.994367680091 1.0 
1582.103526 0.994293499294 1.0 
1582.104207 0.994278846951 1.0 
1582.104888 0.994279762716 1.0 
1582.105569 0.994246795705 1.0 
1582.10625 0.994249542914 1.0 
1582.106931 0.994344784193 1.0 
1582.107612 0.994135997927 1.0 
1582.108294 0.994221155451 1.0 
1582.108975 0.994398819359 1.0 
1582.109656 0.994327383663 1.0 
1582.110337 0.994281594249 1.0 
1582.111018 0.994229396889 1.0 
1582.111699 0.994211998378 1.0 
1582.11238 0.994328299473 1.0 
1582.113061 0.994166214278 1.0 
1582.113742 0.994083808211 1.0 
1582.114424 0.994457437097 1.0 
1582.115105 0.994390576517 1.0 
1582.115786 0.994428127796 1.0 
1582.116467 0.99443637095 1.0 
1582.117148 0.994410725808 1.0 
1582.117829 0.994270605103 1.0 
1582.11851 0.994179033614 1.0 
1582.119191 0.99423214405 1.0 
1582.119872 0.994453773387 1.0 
1582.120554 0.994303572905 1.0 
1582.121235 0.994281594249 1.0 
1582.121916 0.99441347347 1.0 
1582.122597 0.994529798132 1.0 
1582.123278 0.994498654763 1.0 
1582.123959 0.994417137031 1.0 
1582.12464 0.99449957073 1.0 
1582.125321 0.994291667739 1.0 
1582.126002 0.994406146388 1.0 
1582.126683 0.994419884711 1.0 
1582.127365 0.994269689347 1.0 
1582.128046 0.99437500689 1.0 
1582.128727 0.994383249603 1.0 
1582.129408 0.994237638396 1.0 
1582.130089 0.994690110316 1.0 
1582.13077 0.994602164433 1.0 
1582.131451 0.994476671795 1.0 
1582.132132 0.99451605829 1.0 
1582.132813 0.994493158975 1.0 
1582.133495 0.994444614172 1.0 
1582.134176 0.994577431054 1.0 
1582.134857 0.994405230506 1.0 
1582.135538 0.994403398746 1.0 
1582.136219 0.994630562774 1.0 
1582.1369 0.99446110082 1.0 
1582.137581 0.994444614172 1.0 
1582.138262 0.994330131095 1.0 
1582.138943 0.994467512369 1.0 
1582.139625 0.994712098002 1.0 
1582.140306 0.994513310345 1.0 
1582.140987 0.994441866424 1.0 
1582.141668 0.994454689313 1.0 
1582.142349 0.994737750916 1.0 
1582.14303 0.994497738796 1.0 
1582.143711 0.994703852562 1.0 
1582.144392 0.994597584131 1.0 
1582.145074 0.994374091037 1.0 
1582.145755 0.994614073316 1.0 
1582.146436 0.994703852562 1.0 
1582.147117 0.994608576891 1.0 
1582.147798 0.994575598977 1.0 
1582.148479 0.994627814512 1.0 
1582.14916 0.994560026453 1.0 
1582.149841 0.994583843353 1.0 
1582.150522 0.994491327053 1.0 
1582.151204 0.994707517194 1.0 
1582.151885 0.994758823448 1.0 
1582.152566 0.994928336135 1.0 
1582.153247 0.994798221117 1.0 
1582.153928 0.994691942604 1.0 
1582.154609 0.994644304198 1.0 
1582.15529 0.994700187945 1.0 
1582.155971 0.99466903924 1.0 
1582.156652 0.99469102646 1.0 
1582.157334 0.994973238928 1.0 
1582.158015 0.994748745225 1.0 
1582.158696 0.994619569772 1.0 
1582.159377 0.994722175853 1.0 
1582.160058 0.994953994626 1.0 
1582.160739 0.994814713628 1.0 
1582.16142 0.994724924376 1.0 
1582.162101 0.994862360196 1.0 
1582.162782 0.994713014166 1.0 
1582.163464 0.994748745225 1.0 
1582.164145 0.994771650425 1.0 
1582.164826 0.994876104823 1.0 
1582.165507 0.994877937454 1.0 
1582.166188 0.99481929493 1.0 
1582.166869 0.994858694995 1.0 
1582.16755 0.995034639906 1.0 
1582.168231 0.994836704069 1.0 
1582.168912 0.995061217623 1.0 
1582.169594 0.994846783183 1.0 
1582.170275 0.994936583435 1.0 
1582.170956 0.994910925393 1.0 
1582.171637 0.99495307824 1.0 
1582.172318 0.994851364632 1.0 
1582.172999 0.994876104823 1.0 
1582.17368 0.995008062898 1.0 
1582.174361 0.995030057612 1.0 
1582.175042 0.995059384654 1.0 
1582.175724 0.995041971619 1.0 
1582.176405 0.995123540572 1.0 
1582.177086 0.995074964997 1.0 
1582.177767 0.995061217623 1.0 
1582.178448 0.995069466024 1.0 
1582.179129 0.995192283645 1.0 
1582.17981 0.995272948239 1.0 
1582.180491 0.995056635207 1.0 
1582.181172 0.995045637496 1.0 
1582.181854 0.995118957869 1.0 
1582.182535 0.995206949448 1.0 
1582.183216 0.995074048499 1.0 
1582.183897 0.995079547497 1.0 
1582.184578 0.995164785846 1.0 
1582.185259 0.994993400026 1.0 
1582.18594 0.995158369802 1.0 
1582.186621 0.995147370966 1.0 
1582.187302 0.995227115281 1.0 
1582.187984 0.995228948559 1.0 
1582.188665 0.995337117926 1.0 
1582.189346 0.995303199147 1.0 
1582.190027 0.995481973285 1.0 
1582.190708 0.995521399595 1.0 
1582.191389 0.995467303428 1.0 
1582.19207 0.995585585301 1.0 
1582.192751 0.995670866997 1.0 
1582.193432 0.99553882102 1.0 
1582.194113 0.995549824183 1.0 
1582.194795 0.995572747829 1.0 
1582.195476 0.995773581531 1.0 
1582.196157 0.99575799025 1.0 
1582.196838 0.995818522472 1.0 
1582.197519 0.995857962112 1.0 
1582.1982 0.996084540996 1.0 
1582.198881 0.995794676006 1.0 
1582.199562 0.995960695947 1.0 
1582.200243 0.996132248382 1.0 
1582.200925 0.99595519208 1.0 
1582.201606 0.996133165855 1.0 
1582.202287 0.996165277911 1.0 
1582.202968 0.996342371562 1.0 
1582.203649 0.996169865433 1.0 
1582.20433 0.996171700447 1.0 
1582.205011 0.996375408058 1.0 
1582.205692 0.996461675185 1.0 
1582.206373 0.99638825588 1.0 
1582.207055 0.996652590696 1.0 
1582.207736 0.996640657405 1.0 
1582.208417 0.99663239598 1.0 
1582.209098 0.996566307041 1.0 
1582.209779 0.996676457707 1.0 
1582.21046 0.996685637479 1.0 
1582.211141 0.996726947498 1.0 
1582.211822 0.996794883252 1.0 
1582.212504 0.997094222926 1.0 
1582.213185 0.99705014273 1.0 
1582.213866 0.996940868981 1.0 
1582.214547 0.997099733087 1.0 
1582.215228 0.997126365964 1.0 
1582.215909 0.997269644679 1.0 
1582.21659 0.997297200639 1.0 
1582.217271 0.997304549023 1.0 
1582.217952 0.997280666972 1.0 
1582.218634 0.997376198609 1.0 
1582.219315 0.997335780261 1.0 
1582.219996 0.997541563453 1.0 
1582.220677 0.997626093849 1.0 
1582.221358 0.997618743096 1.0 
1582.222039 0.99769225307 1.0 
1582.22272 0.997695009799 1.0 
1582.223401 0.997806204233 1.0 
1582.224082 0.997812637348 1.0 
1582.224764 0.997776796236 1.0 
1582.225445 0.997834694058 1.0 
1582.226126 0.997984508777 1.0 
1582.226807 0.997992781411 1.0 
1582.227488 0.997990943042 1.0 
1582.228169 0.998129749422 1.0 
1582.22885 0.998072753738 1.0 
1582.229531 0.998367879495 1.0 
1582.230212 0.998308111782 1.0 
1582.230894 0.998526970997 1.0 
1582.231575 0.998538007186 1.0 
1582.232256 0.998417535393 1.0 
1582.242472 0.999317286416 1.0 
1582.243154 0.999432343694 1.0 
1582.243835 0.999229851744 1.0 
1582.244516 0.999455356739 1.0 
1582.245197 0.999501384419 1.0 
1582.245878 0.999475608657 1.0 
1582.246559 0.999656973668 1.0 
1582.24724 0.999768386766 1.0 
1582.247921 0.999749049718 1.0 
1582.248602 0.999689199321 1.0 
1582.249284 0.999732475403 1.0 
1582.249965 0.999896389039 1.0 
1582.250646 0.999909282262 1.0 
1582.251327 0.999808903699 1.0 
1582.252008 0.999936911159 1.0 
1582.252689 0.999878891358 1.0 
1582.25337 0.999988487141 1.0 
1582.254051 0.999990329189 1.0 
1582.254732 1.00027404517 1.0 
1582.255414 1.0000870415 1.0 
1582.256095 1.00018652679 1.0 
1582.256776 1.00039658377 1.0 
1582.257457 1.00019113283 1.0 
1582.258138 1.00030352677 1.0 
1582.258819 1.00027496646 1.0 
1582.2595 1.00045002636 1.0 
1582.260181 1.00030721203 1.0 
1582.260862 1.00038736982 1.0 
1582.261543 1.00048964943 1.0 
1582.262225 1.00046384818 1.0 
1582.262906 1.00064447089 1.0 
1582.263587 1.00052835255 1.0 
1582.264268 1.00063986276 1.0 
1582.264949 1.00044726202 1.0 
1582.26563 1.0006039201 1.0 
1582.266311 1.00063525466 1.0 
1582.266992 1.00068594499 1.0 
1582.267673 1.00060023374 1.0 
1582.268355 1.00084724951 1.0 
1582.269036 1.00062696012 1.0 
1582.269717 1.00066382526 1.0 
1582.270398 1.00084724951 1.0 
1582.271079 1.00087306065 1.0 
1582.27176 1.00082051725 1.0 
1582.272441 1.00071451704 1.0 
1582.273122 1.00079009865 1.0 
1582.273803 1.00080853406 1.0 
1582.274485 1.00086384231 1.0 
1582.275166 1.00072742081 1.0 
1582.275847 1.00075138541 1.0 
1582.276528 1.00071912551 1.0 
1582.277209 1.00075783751 1.0 
1582.27789 1.00073387276 1.0 
1582.278571 1.00080023808 1.0 
1582.279252 1.00083250059 1.0 
1582.279933 1.00066290361 1.0 
1582.280615 1.00086384231 1.0 
1582.281296 1.00058917476 1.0 
1582.281977 1.00070530016 1.0 
1582.282658 1.00083065699 1.0 
1582.283339 1.00085001496 1.0 
1582.28402 1.00073110764 1.0 
1582.284701 1.00077719407 1.0 
1582.285382 1.00081959546 1.0 
1582.286064 1.00084171864 1.0 
1582.286745 1.00085001496 1.0 
1582.287426 1.00072742081 1.0 
1582.288107 1.00090440363 1.0 
1582.288788 1.00080945583 1.0 
1582.289469 1.00096432678 1.0 
1582.29015 1.00070990859 1.0 
1582.290831 1.00076889835 1.0 
1582.291512 1.00074032475 1.0 
1582.292194 1.00090163804 1.0 
1582.292875 1.00074124647 1.0 
1582.293556 1.00087213881 1.0 
1582.294237 1.00062696012 1.0 
1582.294918 1.00092099738 1.0 
1582.295599 1.00075875924 1.0 
1582.29628 1.00087674801 1.0 
1582.296961 1.0009422009 1.0 
1582.297642 1.00068594499 1.0 
1582.298324 1.00071175197 1.0 
1582.299005 1.00065737376 1.0 
1582.299686 1.00081867367 1.0 
1582.300367 1.00078180283 1.0 
1582.301048 1.00063433304 1.0 
1582.301729 1.00077442882 1.0 
1582.30241 1.00073479447 1.0 
1582.303091 1.00075322886 1.0 
1582.303772 1.00070437848 1.0 
1582.304453 1.00078641161 1.0 
1582.305135 1.00067119845 1.0 
1582.305816 1.00060484169 1.0 
1582.306497 1.00074954196 1.0 
1582.307178 1.00093943519 1.0 
1582.307859 1.000796551 1.0 
1582.30854 1.00084171864 1.0 
1582.309221 1.00075875924 1.0 
1582.309902 1.00080115985 1.0 
1582.310583 1.0009200755 1.0 
1582.311265 1.00082143904 1.0 
1582.311946 1.00087306065 1.0 
1582.312627 1.00087766985 1.0 
1582.313308 1.00092191926 1.0 
1582.313989 1.00052650951 1.0 
1582.31467 1.0007937857 1.0 
1582.315351 1.00086752963 1.0 
1582.316032 1.00070437848 1.0 
1582.316714 1.00081314296 1.0 
1582.317395 1.000691475 1.0 
1582.318076 1.00077811582 1.0 
1582.318757 1.00072557741 1.0 
1582.319438 1.00062880334 1.0 
1582.320119 1.00081775188 1.0 
1582.3208 1.00090163804 1.0 
1582.321481 1.00072649911 1.0 
1582.322162 1.0008066905 1.0 
1582.322844 1.00078088108 1.0 
1582.323525 1.00074493334 1.0 
1582.324206 1.00065553048 1.0 
1582.324887 1.00076060271 1.0 
1582.325568 1.00065000067 1.0 
1582.326249 1.00066382526 1.0 
1582.32693 1.00061774405 1.0 
1582.327611 1.00081314296 1.0 
1582.328292 1.00089241943 1.0 
1582.328974 1.00058364532 1.0 
1582.329655 1.00067488506 1.0 
1582.330336 1.00080484695 1.0 
1582.331017 1.00077995932 1.0 
1582.331698 1.00072742081 1.0 
1582.332379 1.00075230713 1.0 
1582.33306 1.0008564677 1.0 
1582.333741 1.00061497924 1.0 
1582.334422 1.00091454422 1.0 
1582.335103 1.00063156819 1.0 
1582.335785 1.00064078439 1.0 
1582.336466 1.00075322886 1.0 
1582.337147 1.00074401162 1.0 
1582.337828 1.00079470747 1.0 
1582.338509 1.00073755961 1.0 
1582.33919 1.00094588851 1.0 
1582.339871 1.00076244618 1.0 
1582.340552 1.00073940304 1.0 
1582.341233 1.00066751185 1.0 
1582.341915 1.00075415059 1.0 
1582.342596 1.00071820382 1.0 
1582.343277 1.00067672838 1.0 
1582.343958 1.00067304176 1.0 
1582.344639 1.000835266 1.0 
1582.34532 1.00083895322 1.0 
1582.346001 1.00077627232 1.0 
1582.346682 1.00062696012 1.0 
1582.347363 1.00078180283 1.0 
1582.348045 1.00070437848 1.0 
1582.348726 1.0007366379 1.0 
1582.349407 1.00084817133 1.0 
1582.350088 1.00066106033 1.0 
1582.350769 1.00066935515 1.0 
1582.35145 1.00094496661 1.0 
1582.352131 1.00085554587 1.0 
1582.352812 1.00069977008 1.0 
1582.353494 1.00065092231 1.0 
1582.354175 1.00059931216 1.0 
1582.354856 1.00056521406 1.0 
1582.355537 1.00077258533 1.0 
1582.356218 1.0007366379 1.0 
1582.356899 1.00077442882 1.0 
1582.35758 1.0007845681 1.0 
1582.358261 1.00079009865 1.0 
1582.358942 1.00059101792 1.0 
1582.359624 1.00070161343 1.0 
1582.360305 1.00064907904 1.0 
1582.360986 1.00081222118 1.0 
1582.361667 1.00076152444 1.0 
1582.362348 1.00088504461 1.0 
1582.363029 1.00072004721 1.0 
1582.36371 1.00068225834 1.0 
1582.364391 1.00079194218 1.0 
1582.365072 1.00080853406 1.0 
1582.365753 1.00059101792 1.0 
1582.366435 1.00066290361 1.0 
1582.367116 1.0007089869 1.0 
1582.367797 1.0006370979 1.0 
1582.368478 1.00071451704 1.0 
1582.369159 1.00064723578 1.0 
1582.36984 1.00070530016 1.0 
1582.370521 1.00084356226 1.0 
1582.371202 1.00088320092 1.0 
1582.371884 1.00060760647 1.0 
1582.372565 1.00070714353 1.0 
1582.373246 1.0008066905 1.0 
1582.373927 1.00063064657 1.0 
1582.374608 1.00080484695 1.0 
1582.375289 1.00079286394 1.0 
1582.37597 1.00068318 1.0 
1582.376651 1.00077627232 1.0 
1582.377332 1.00092745057 1.0 
1582.378014 1.00076336792 1.0 
1582.378695 1.00065276557 1.0 
1582.379376 1.00073848132 1.0 
1582.380057 1.00074124647 1.0 
1582.380738 1.00084540588 1.0 
1582.381419 1.00081314296 1.0 
1582.3821 1.00059470424 1.0 
1582.382781 1.00061590084 1.0 
1582.383462 1.00095049805 1.0 
1582.384143 1.00067488506 1.0 
1582.384825 1.00082236083 1.0 
1582.385506 1.00083434419 1.0 
1582.386187 1.000860155 1.0 
1582.386868 1.00078825513 1.0 
1582.387549 1.00063894114 1.0 
1582.38823 1.00091085672 1.0 
1582.388911 1.00085001496 1.0 
1582.389592 1.00072189061 1.0 
1582.390274 1.00094773232 1.0 
1582.390955 1.00076889835 1.0 
1582.391636 1.000826048 1.0 
1582.392317 1.00073479447 1.0 
1582.392998 1.00082973519 1.0 
1582.393679 1.00077535057 1.0 
1582.39436 1.00062143047 1.0 
1582.395041 1.00074677679 1.0 
1582.395722 1.00075507232 1.0 
1582.396404 1.00089149758 1.0 
1582.397085 1.00074769851 1.0 
1582.397766 1.00062788173 1.0 
1582.398447 1.00084079683 1.0 
1582.399128 1.00083895322 1.0 
1582.399809 1.00057995904 1.0 
1582.40049 1.00068963166 1.0 
1582.401171 1.00084448407 1.0 
1582.401852 1.00066566855 1.0 
1582.402533 1.00082328262 1.0 
1582.403215 1.00069055333 1.0 
1582.403896 1.00073755961 1.0 
1582.404577 1.00077995932 1.0 
1582.405258 1.00067580672 1.0 
1582.405939 1.00072649911 1.0 
1582.40662 1.00065921704 1.0 
1582.407301 1.00072742081 1.0 
1582.407982 1.00071728212 1.0 
1582.408663 1.00086845147 1.0 
1582.409345 1.00079747277 1.0 
1582.410026 1.00074954196 1.0 
1582.410707 1.00072373401 1.0 
1582.411388 1.00079562924 1.0 
1582.412069 1.00073755961 1.0 
1582.41275 1.00084079683 1.0 
1582.413431 1.000796551 1.0 
1582.414112 1.00075691578 1.0 
1582.414793 1.00081498653 1.0 
1582.415475 1.00087951353 1.0 
1582.416156 1.00080484695 1.0 
1582.416837 1.00077258533 1.0 
1582.417518 1.00074954196 1.0 
1582.418199 1.00068225834 1.0 
1582.41888 1.00087398248 1.0 
1582.419561 1.0008066905 1.0 
1582.420242 1.00076428965 1.0 
1582.420924 1.00071543873 1.0 
1582.421605 1.00069424002 1.0 
1582.422286 1.00069424002 1.0 
1582.422967 1.0006702768 1.0 
1582.423648 1.00090348177 1.0 
1582.424329 1.00068225834 1.0 
1582.42501 1.00084079683 1.0 
1582.425691 1.00083895322 1.0 
1582.426372 1.00078088108 1.0 
1582.427054 1.00063156819 1.0 
1582.427735 1.00079102041 1.0 
1582.428416 1.00061682244 1.0 
1582.429097 1.00070806522 1.0 
1582.429778 1.00077903757 1.0 
1582.430459 1.00067488506 1.0 
1582.43114 1.00071728212 1.0 
1582.431821 1.00088412277 1.0 
1582.432502 1.00084448407 1.0 
1582.433184 1.00066013868 1.0 
1582.433865 1.00076797661 1.0 
1582.434546 1.00077627232 1.0 
1582.435227 1.00059746899 1.0 
1582.435908 1.00073940304 1.0 
1582.436589 1.00071451704 1.0 
1582.43727 1.00077442882 1.0 
1582.437951 1.00061682244 1.0 
1582.438632 1.00084724951 1.0 
1582.439314 1.00062050886 1.0 
1582.439995 1.00087582616 1.0 
1582.440676 1.00082328262 1.0 
1582.441357 1.00073571619 1.0 
1582.442038 1.00068870999 1.0 
1582.442719 1.00074493334 1.0 
1582.4434 1.00095141996 1.0 
1582.444081 1.00070990859 1.0 
1582.444762 1.00077719407 1.0 
1582.445443 1.00074585506 1.0 
1582.446125 1.0005965474 1.0 
1582.446806 1.00071820382 1.0 
1582.447487 1.00062788173 1.0 
1582.448168 1.00077442882 1.0 
1582.448849 1.00075875924 1.0 
1582.44953 1.00077903757 1.0 
1582.450211 1.00075046368 1.0 
1582.450892 1.00065645212 1.0 
1582.451573 1.0008361878 1.0 
1582.452255 1.00081590831 1.0 
1582.452936 1.00073295105 1.0 
1582.453617 1.00081406474 1.0 
1582.454298 1.00081775188 1.0 
1582.454979 1.00061037125 1.0 
1582.45566 1.00077350708 1.0 
1582.456341 1.00066382526 1.0 
1582.457022 1.00098829705 1.0 
1582.457704 1.0008693733 1.0 
1582.458385 1.00081867367 1.0 
1582.459066 1.00075691578 1.0 
1582.459747 1.00087121697 1.0 
1582.460428 1.00074032475 1.0 
1582.461109 1.000796551 1.0 
1582.46179 1.00086292048 1.0 
1582.462471 1.00075415059 1.0 
1582.463152 1.00061497924 1.0 
1582.463834 1.00076797661 1.0 
1582.464515 1.00095787335 1.0 
1582.465196 1.00076244618 1.0 
1582.465877 1.0008361878 1.0 
1582.466558 1.00093390381 1.0 
1582.467239 1.00084909314 1.0 
1582.46792 1.00064539252 1.0 
1582.468601 1.00080392517 1.0 
1582.469282 1.00098553122 1.0 
1582.469963 1.00072834252 1.0 
1582.470645 1.00065460885 1.0 
1582.471326 1.00073940304 1.0 
1582.472007 1.00078088108 1.0 
1582.472688 1.00081222118 1.0 
1582.473369 1.00076244618 1.0 
1582.47405 1.00080761228 1.0 
1582.474731 1.00065737376 1.0 
1582.475412 1.00070069176 1.0 
1582.476093 1.00060760647 1.0 
1582.476775 1.00069792672 1.0 
1582.477456 1.00077995932 1.0 
1582.478137 1.00083434419 1.0 
1582.478818 1.00067765004 1.0 
1582.479499 1.00069977008 1.0 
1582.48018 1.0005919395 1.0 
1582.480861 1.00075230713 1.0 
1582.481542 1.00075968098 1.0 
1582.482223 1.00079470747 1.0 
1582.482905 1.00077166359 1.0 
1582.483586 1.00056705717 1.0 
1582.484267 1.00079194218 1.0 
1582.484948 1.00069424002 1.0 
1582.485629 1.00070530016 1.0 
1582.48631 1.00079009865 1.0 
1582.486991 1.00081498653 1.0 
1582.487672 1.0007937857 1.0 
1582.488354 1.000826048 1.0 
1582.489035 1.00078272458 1.0 
1582.489716 1.00089241943 1.0 
1582.490397 1.00076889835 1.0 
1582.491078 1.00075230713 1.0 
1582.491759 1.00068041501 1.0 
1582.49244 1.00074308991 1.0 
1582.493121 1.00076060271 1.0 
1582.493802 1.00063801952 1.0 
1582.494484 1.00073387276 1.0 
1582.495165 1.0008666078 1.0 
1582.495846 1.00079747277 1.0 
1582.496527 1.00072557741 1.0 
1582.497208 1.00074401162 1.0 
1582.497889 1.00083342239 1.0 
1582.49857 1.00078364634 1.0 
1582.499251 1.00079194218 1.0 
1582.499932 1.00081775188 1.0 
1582.500614 1.00072096891 1.0 
1582.501295 1.00074862023 1.0 
1582.501976 1.00060484169 1.0 
1582.502657 1.00073110764 1.0 
1582.503338 1.0008278916 1.0 
1582.504019 1.00082512621 1.0 
1582.5047 1.00063064657 1.0 
1582.505381 1.00092284114 1.0 
1582.506062 1.00084171864 1.0 
1582.506743 1.00088320092 1.0 
1582.507425 1.00083157879 1.0 
1582.508106 1.00080208162 1.0 
1582.508787 1.00077350708 1.0 
1582.509468 1.00082420442 1.0 
1582.510149 1.00065000067 1.0 
1582.51083 1.00072096891 1.0 
1582.511511 1.00098092152 1.0 
1582.512192 1.00076613313 1.0 
1582.512873 1.00083987502 1.0 
1582.513555 1.00068778833 1.0 
1582.514236 1.00071267366 1.0 
1582.514917 1.00066382526 1.0 
1582.515598 1.00070161343 1.0 
1582.516279 1.0006702768 1.0 
1582.51696 1.00064631415 1.0 
1582.517641 1.00085923317 1.0 
1582.518322 1.00078180283 1.0 
1582.519004 1.00076521139 1.0 
1582.519685 1.0005919395 1.0 
1582.520366 1.00080576872 1.0 
1582.521047 1.00076705487 1.0 
1582.521728 1.00060299851 1.0 
1582.522409 1.00073755961 1.0 
1582.52309 1.00078088108 1.0 
1582.523771 1.00074954196 1.0 
1582.524452 1.0008278916 1.0 
1582.525134 1.00079470747 1.0 
1582.525815 1.00084724951 1.0 
1582.526496 1.00077903757 1.0 
1582.527177 1.0006702768 1.0 
