1691.7386511 1.00025981458 0.000241578105488 
1691.73933223 0.99989612893 0.000241674410063 
1691.74001346 1.00026242322 0.000241594068939 
1691.74069459 0.99947286269 0.00024179306638 
1691.74137572 0.999824072179 0.000241716668825 
1691.74205695 1.00040296778 0.000241585090407 
1691.74273808 0.999945245523 0.000241704241489 
1691.74341921 1.00018592009 0.000241653935518 
1691.74410024 1.00016570045 0.000241665286012 
1691.74478147 0.999939934672 0.000241726564127 
1691.7454626 0.999834528894 0.000241758709308 
1691.74614373 1.00004179688 0.000241712899879 
1691.74682496 1.0001507111 0.000241691261181 
1691.74750609 1.00004703988 0.000241720845224 
1691.74818732 0.999837986942 0.00024177589512 
1691.74886845 1.00019108167 0.000241695292061 
1691.74954948 0.999849376437 0.000241782749072 
1691.75023061 1.00005137693 0.000241738802288 
1691.75091184 1.00043706021 0.000241650632233 
1691.75159297 1.00017345603 0.000241719244514 
1691.7522741 1.00005484921 0.000241753063165 
1691.75295533 0.999998618432 0.000241771922447 
1691.75363646 1.00001705045 0.000241772519075 
1691.75431769 1.00030518723 0.000241708403337 
1691.75499872 1.00016548023 0.000241747475229 
1691.75567985 0.999993292867 0.000241794405156 
1691.75636098 1.00036665193 0.000241709785769 
1691.75704221 1.00042902687 0.000241700268816 
1691.75772334 1.00023482953 0.000241752888542 
1691.75840457 1.0003666102 0.00024172666599 
1691.7590857 1.00007227892 0.000241803834797 
1691.75976683 1.00013990637 0.000241793226451 
1691.76044786 0.999406622726 0.000241976493271 
1691.76112909 1.00022421699 0.000241784611717 
1691.76181022 0.999770088828 0.000241900765104 
1691.76249135 0.999900929926 0.000241882895352 
1691.76317258 0.999954492403 0.000241883826675 
1691.76385371 1.00029269129 0.000241815083427 
1691.76453484 0.99946360037 0.00024202746863 
1691.76521607 0.999770896942 0.000241965186433 
1691.7658972 0.999975516335 0.00024192786077 
1691.76657823 0.999906115433 0.000241956819082 
1691.76725946 1.0002179408 0.000241893678322 
1691.7679406 1.00002817621 0.000241951915086 
1691.76862173 0.999988635278 0.000241973757511 
1691.76930285 0.999725148936 0.000242050082306 
1691.76998409 0.999802412805 0.000242043694016 
1691.77066522 1.00004568771 0.000241997418925 
1691.77134635 1.00024684891 0.000241961461143 
1691.77202748 0.999954309282 0.000242044989136 
1691.77270861 0.999560004331 0.000242153168074 
1691.77338974 1.0000658346 0.000242043621256 
1691.77407097 1.00010007954 0.000242048277869 
1691.7747521 1.00007459047 0.000242067559157 
1691.77543323 1.00016418033 0.00024205900263 
1691.77611446 1.0002133639 0.000242060035816 
1691.77679559 0.999887459258 0.000242152338615 
1691.77747662 1.00000162632 0.000242137844907 
1691.77815775 1.00016588035 0.000242111535044 
1691.77883898 0.99963801956 0.000242220878135 
1691.77952011 0.999913750542 0.000242135793087 
1691.78020134 1.00008589603 0.000242075504502 
1691.78088247 0.999813601789 0.000242123249336 
1691.7815636 1.00003404066 0.000242051508394 
1691.78224483 1.00013241155 0.000242009642534 
1691.78292586 1.00050845851 0.000241900590481 
1691.78360699 0.999968998374 0.000242013134994 
1691.78428822 0.999608929739 0.000242081237957 
1691.78496935 1.00023514182 0.000241909656324 
1691.78565048 1.0001604515 0.000241907779127 
1691.78633171 0.999937321082 0.000241942034336 
1691.78701284 1.00031417326 0.000241831105086 
1691.78769397 0.999689639071 0.000241962610744 
1691.7883752 1.00008133121 0.000241848145379 
1691.78905623 0.999449919281 0.000241981266299 
1691.78973736 1.00017442103 0.000241786299739 
1691.79041859 0.99984852884 0.000241845889832 
1691.79109972 1.00022007611 0.000241736794123 
1691.79178085 1.00018491982 0.000241725967498 
1691.79246208 1.00026573323 0.000241687128437 
1691.79314321 1.0003131642 0.000241656336584 
1691.79382434 0.99996351143 0.000241721703787 
1691.79450547 0.999972280259 0.000241700559855 
1691.7951866 1.00017342627 0.000241657631705 
1691.79586773 0.999642927049 0.00024179124739 
1691.79654886 1.00017603266 0.000241668225499 
1691.79723009 0.999655190679 0.00024179952743 
1691.79791122 0.999513817818 0.000241839661612 
1691.79859235 0.999633210098 0.000241816334892 
1691.79927358 1.00005298876 0.000241721063503 
1691.79995461 1.00002662206 0.00024173334532 
1691.80063574 0.999362765089 0.000241899688262 
1691.80131697 1.0001847154 0.000241706991801 
1691.8019981 1.00019524311 0.00024171062978 
1691.80267923 1.00018292895 0.000241719870246 
1691.80336046 0.999919390797 0.000241789748543 
1691.80404159 0.999982615369 0.000241780900978 
1691.80472272 0.999684005812 0.000241858520894 
1691.80540375 1.00009502117 0.000241763395024 
1691.80608498 1.00025138272 0.000241730114794 
1691.80676611 1.00017932639 0.000241751899011 
1691.80744724 0.999720827179 0.000241867688601 
1691.80812847 1.00029614732 0.000241733185248 
1691.8088096 0.999776998926 0.000241863584961 
1691.80949083 0.999970200315 0.000241821631789 
1691.81017196 1.00033124852 0.000241738991463 
1691.81085309 1.00010807958 0.000241797795752 
1691.81153412 0.999927996348 0.000241847985308 
1691.81221535 1.00038128868 0.000241744783125 
1691.81289648 1.00024069145 0.000241785281105 
1691.81357771 0.999905994376 0.000241872650804 
1691.81425884 0.999778636425 0.000241910238401 
1691.81493997 0.999590710351 0.000241962421569 
1691.8156212 1.00056751618 0.000241733243456 
1691.81630233 0.999772444471 0.000241932255449 
1691.81698336 1.00028453178 0.000241815185291 
1691.81766459 0.999783830807 0.000241943242145 
1691.81834572 0.999745176817 0.000241960020503 
1691.81902686 1.00021595712 0.000241853049374 
1691.81970809 0.999602019841 0.000242008754867 
1691.82038922 1.00015179457 0.000241883142735 
1691.82107035 1.00014650857 0.000241891728365 
1691.82175148 0.999850484469 0.000241970876232 
1691.82243261 0.999859251818 0.000241976216785 
1691.82311374 1.00008936288 0.000241928064497 
1691.82379487 0.999887325877 0.000241984758759 
1691.8244761 0.999846911312 0.000242002133746 
1691.82515723 0.999929453447 0.00024198902247 
1691.82583836 1.00000234028 0.000241977046244 
1691.82651959 0.999947867799 0.00024199593463 
1691.82720072 1.00009981371 0.000241964982706 
1691.82788175 1.00025617564 0.000241927162278 
1691.82856298 1.00027197526 0.000241923262365 
1691.82924411 0.999980305646 0.00024199357722 
1691.82992524 1.00011205154 0.000241961737629 
1691.83060637 0.999822184939 0.000242031994276 
1691.8312876 1.00025785697 0.000241926711169 
1691.83196873 0.999732581113 0.000242054200498 
1691.83264986 1.00040192616 0.000241892412305 
1691.83333109 0.999931028113 0.000242006746703 
1691.83401212 0.999546388887 0.000242100300966 
1691.83469325 0.999964373821 0.000241999674472 
1691.83537448 0.999750945877 0.000242052017711 
1691.83605561 1.00008204713 0.000241972302319 
1691.83673674 0.999983651562 0.000241996807745 
1691.83741797 1.00007674592 0.000241975285462 
1691.8380991 0.999607756905 0.000242089517997 
1691.83878033 1.00014962797 0.000241959307459 
1691.83946136 1.00017157533 0.0002419550583 
1691.84014249 0.999765767381 0.000242054316914 
1691.84082362 1.00031035998 0.000241923553403 
1691.84150485 1.00015395907 0.000241962799919 
1691.84218598 0.999994069155 0.000242002555751 
1691.84286721 1.00021103254 0.000241951507633 
1691.84354834 1.00056689394 0.000241866931901 
1691.84422947 0.999790263915 0.00024204987858 
1691.8449105 1.00015739608 0.000241956411628 
1691.84559173 0.999815700675 0.00024203324574 
1691.84627286 0.999890335421 0.000242008230998 
1691.84695409 0.999716437592 0.000242043548496 
1691.84763522 0.999689200854 0.000242043461185 
1691.84831635 0.999802465862 0.000242009671638 
1691.84899748 0.999861291041 0.000241988818743 
1691.84967871 0.999960522107 0.000241958419792 
1691.85035984 1.00015551528 0.000241904723225 
1691.85104087 1.00058518003 0.000241794507019 
1691.8517221 0.999682961212 0.000242006484768 
1691.85240323 0.99997275672 0.0002419303637 
1691.85308436 0.999332634396 0.000242079200689 
1691.85376559 1.00042078064 0.000241809771978 
1691.85444672 1.00014663696 0.000241870002355 
1691.85512785 1.00018703296 0.000241854300839 
1691.85580898 0.99981634608 0.000241938119871 
1691.85649011 1.00045323199 0.000241778499912 
1691.85717124 0.999598543682 0.000241979520069 
1691.85785237 1.00009824281 0.000241852860199 
1691.8585336 1.00007275235 0.000241853646003 
1691.85921473 1.00015355555 0.000241828558501 
1691.85989586 0.9996713589 0.000241939807893 
1691.86057709 0.99966695284 0.000241933725192 
1691.86125822 0.999904045234 0.000241869027377 
1691.86193925 0.999864507614 0.000241871370235 
1691.86262038 1.00017192577 0.000241789864958 
1691.86330161 1.0000410195 0.000241814326728 
1691.86398274 0.999559755016 0.000241924033617 
1691.86466397 1.0002834565 0.000241741945501 
1691.8653451 1.00012793788 0.00024177270825 
1691.86602623 0.999885491325 0.000241823596298 
1691.86670746 0.99985298023 0.000241822432145 
1691.86738849 0.999895998997 0.00024180325272 
1691.86806962 0.99966765774 0.00024184997892 
1691.86875085 1.00033608005 0.000241679721512 
1691.86943198 0.999738752676 0.000241815563641 
1691.87011312 1.00032111125 0.00024166633375 
1691.87079435 1.00028155698 0.000241667556111 
1691.87147548 1.0003764359 0.000241636313149 
1691.87215671 1.00013129356 0.000241687375819 
1691.87283784 0.999729013924 0.000241776360781 
1691.87351887 0.999817692947 0.000241746805841 
1691.8742 0.999864223069 0.000241727611865 
1691.87488123 1.00031572815 0.000241610599915 
1691.87556236 1.00004951856 0.000241666755755 
1691.87624349 0.999755278569 0.000241730260313 
1691.87692472 0.999808831299 0.000241727029788 
1691.87760585 1.00006001168 0.000241676461883 
1691.87828698 1.00032443485 0.000241622692556 
1691.87896811 0.999954574985 0.000241722445935 
1691.87964924 1.00018822116 0.000241675894358 
1691.88033037 1.00016009252 0.000241692890995 
1691.8810115 1.0001460205 0.000241706686211 
1691.88169273 1.00025494375 0.00024169095559 
1691.88237386 0.999806068736 0.000241809990257 
1691.88305499 1.00028566279 0.000241704503424 
1691.88373622 1.00016001232 0.000241745554376 
1691.88441725 0.999930732194 0.000241811561864 
1691.88509838 1.00001240187 0.000241802859819 
1691.88577961 0.999892933597 0.000241842702962 
1691.88646074 1.00014501345 0.000241791523877 
1691.88714187 1.00026887265 0.000241770234425 
1691.8878231 1.00017485045 0.000241802044911 
1691.88850423 0.999827879072 0.000241895017098 
1691.88918536 1.00012210834 0.00024183288042 
1691.88986639 1.0001853443 0.000241826768615 
1691.89054762 0.999666252049 0.000241961446591 
1691.89122875 1.0002801976 0.000241822315729 
1691.89190988 1.0002652451 0.000241835266934 
1691.89259111 0.999948983087 0.000241921166889 
1691.89327224 1.00005788469 0.000241879359237 
1691.89395347 0.999948950643 0.000241890418692 
1691.8946346 1.00011758639 0.000241834379267 
1691.89531573 0.999960336408 0.000241857051151 
1691.89599676 1.00039694629 0.000241736415774 
1691.89667799 0.999794312992 0.000241866946453 
1691.89735912 0.999986637908 0.000241805537371 
1691.89804035 1.00031957348 0.000241710193222 
1691.89872148 0.99977230973 0.000241827525315 
1691.89940261 0.999842549203 0.000241795714828 
1691.90008384 1.00003049138 0.000241735542659 
1691.90076497 1.00040913423 0.000241629415541 
1691.901446 0.99999444523 0.000241715009906 
1691.90212723 0.99975466491 0.00024175827275 
1691.90280836 1.00004360198 0.000241674002609 
1691.90348949 1.00004885603 0.000241658330197 
1691.90417072 0.999808184434 0.000241702015046 
1691.90485185 0.999883695915 0.000241669709794 
1691.90553298 0.999966239769 0.000241635498242 
1691.90621411 1.00007514305 0.000241595043917 
1691.90689524 1.00000836798 0.000241596018896 
1691.90757637 0.999890656371 0.000241608533543 
1691.9082575 1.0002323455 0.000241510060732 
1691.90893873 0.99998372445 0.000241553847445 
1691.90961986 1.00024636977 0.000241505316808 
1691.91030099 0.99977115286 0.00024163479975 
1691.91098222 0.99975357321 0.000241653920966 
1691.91166335 0.999947646706 0.000241621935857 
1691.91234438 0.999767590698 0.000241680492763 
1691.91302561 0.999894915824 0.000241664747591 
1691.91370674 0.999866794907 0.000241686691879 
1691.91438787 1.00023834692 0.000241611938691 
1691.915069 1.00008634828 0.000241664296482 
1691.91575023 0.999844789246 0.000241737827309 
1691.91643136 0.999893954767 0.000241741305217 
1691.91711249 1.00009156921 0.000241709145484 
1691.91779372 1.00004411759 0.000241736051976 
1691.91847475 1.00029974958 0.000241689820541 
1691.91915588 0.999849975643 0.000241814326728 
1691.91983711 1.00017056607 0.000241752626607 
1691.92051824 1.00006513303 0.000241793997702 
1691.92119938 1.00023290937 0.00024176928855 
1691.92188061 0.99988679559 0.000241868954618 
1691.92256174 0.999980757907 0.000241862217081 
1691.92324297 1.00026097399 0.000241810659645 
1691.923924 1.00008261827 0.00024186988594 
1691.92460513 1.00007293877 0.00024188842508 
1691.92528626 1.00005183994 0.00024190977274 
1691.92596749 1.00009398788 0.000241898218519 
1691.92664862 0.999947280897 0.00024193234276 
1691.92732985 0.999912131964 0.000241938410909 
1691.92801098 0.999944612432 0.000241927395109 
1691.92869211 1.0001905549 0.000241864559939 
1691.92937314 1.00006579409 0.000241891248152 
1691.93005437 0.999876055649 0.000241933943471 
1691.9307355 1.00011319653 0.00024187368399 
1691.93141673 0.999484395858 0.000242022593739 
1691.93209786 1.00017465739 0.00024185271468 
1691.93277899 1.00010787527 0.000241866102442 
1691.93346012 1.0002431506 0.000241830595769 
1691.93414135 0.999791645516 0.000241936970269 
1691.93482238 0.999521184727 0.000241999558057 
1691.93550351 0.999681844873 0.000241958186962 
1691.93618474 1.00004278692 0.000241868314333 
1691.93686587 0.999914531237 0.000241896879743 
1691.937547 1.00027995033 0.000241806046688 
1691.93822823 1.00011301097 0.000241844085394 
1691.93890936 1.00014989029 0.000241832734901 
1691.93959049 0.99997155412 0.000241873975028 
1691.94027162 1.0000470774 0.000241853325861 
1691.94095275 0.99994604863 0.00024187573581 
1691.94163388 0.999923195632 0.000241879402893 
1691.94231501 0.999853795431 0.000241899251705 
1691.94299624 0.999995184775 0.000241868110606 
1691.94367737 0.999888013314 0.000241897199885 
1691.9443585 1.00047660914 0.00024175803992 
1691.94503973 0.999909057937 0.00024189875694 
1691.94572086 0.999967887843 0.000241887828452 
1691.94640189 1.00039044078 0.000241788919084 
1691.94708302 0.999545462278 0.000241996938712 
1691.94776425 0.999558614814 0.000241996327532 
1691.94844538 0.999898433295 0.000241915506194 
1691.94912661 0.999915103615 0.000241912959609 
1691.94980774 1.00013731907 0.000241860951064 
1691.95048887 0.99966390949 0.00024197732273 
1691.9511701 0.999824592329 0.000241939967964 
1691.95185113 0.999952802446 0.000241911198827 
1691.95253226 0.99990887003 0.00024192375713 
1691.95321349 0.999937836755 0.0002419185912 
1691.95389462 1.00017938454 0.000241862348048 
1691.95457575 1.0001371991 0.000241874658968 
1691.95525698 1.00016880796 0.000241869216552 
1691.95593811 0.999801638996 0.000241960427957 
1691.95661934 0.999902619012 0.000241938352701 
1691.95730037 1.00036732039 0.000241828427534 
1691.9579815 0.999941229701 0.000241933972575 
1691.95866263 0.99997107562 0.000241932051722 
1691.95934386 0.999847219956 0.000241967718466 
1691.96002499 0.999933273185 0.000241952380748 
1691.96070612 1.00003163125 0.000241934234509 
1691.96138735 1.00026529415 0.000241883404669 
1691.96206848 0.999955179309 0.000241963964072 
1691.96274961 1.00001489005 0.000241955422098 
1691.96343074 1.00025118477 0.000241904213908 
1691.96411187 1.00010796801 0.000241944828304 
1691.964793 1.00011146454 0.000241950139753 
1691.96547423 1.00013780148 0.00024194981961 
1691.96615536 1.00002622244 0.000241982925218 
1691.96683649 1.00059732131 0.000241851026658 
1691.96751762 1.00042769232 0.000241898567765 
1691.96819885 0.999943605155 0.000242021022132 
1691.96887988 0.999767939814 0.000242067893851 
1691.96956101 1.00000593283 0.000242014750256 
1691.97024224 0.999364031809 0.000242174748564 
1691.97092337 1.000024344 0.000242019232246 
1691.9716045 1.00044252661 0.000241922622081 
1691.97228573 0.999685308898 0.000242110632826 
1691.97296686 0.999795058744 0.000242088848609 
1691.973648 1.00045477691 0.000241934190853 
1691.97432903 1.00029220095 0.000241978399572 
1691.97501026 0.999909177125 0.000242057110881 
1691.97569139 0.999922334031 0.000242039954173 
1691.97637252 0.999884550429 0.000242035122938 
1691.97705375 1.0002842234 0.000241924630245 
1691.97773488 0.99981425668 0.000242024485487 
1691.97841611 0.999716763338 0.000242034584517 
1691.97909724 0.999619279492 0.000242044508923 
1691.97977837 1.00011108087 0.000241911868216 
1691.9804594 1.0003140091 0.000241849338636 
1691.98114063 0.999770259773 0.000241967412876 
1691.98182176 0.999946768893 0.000241911358899 
1691.98250299 1.0003930373 0.000241790199652 
1691.98318412 0.999866809821 0.0002419041557 
1691.98386525 1.00015665657 0.000241821078816 
1691.98454648 1.00028754463 0.000241776389885 
1691.98522761 1.00053181292 0.000241704416112 
1691.98590864 0.99992821871 0.000241837464273 
1691.98658987 0.999699868247 0.000241879737587 
1691.987271 1.00006345129 0.000241779183852 
1691.98795213 1.00008715131 0.000241760455538 
1691.98863336 0.999680497197 0.000241845380515 
1691.98931449 0.999849086224 0.00024178987951 
1691.98999562 0.999993109268 0.000241740446654 
1691.99067685 1.00005106504 0.000241711881245 
1691.99135788 1.00004314165 0.000241723173531 
1691.99203901 0.999957044008 0.000241753878072 
1691.99272014 0.99956800233 0.000241857385845 
1691.99340137 1.00012214797 0.000241732996074 
1691.9940825 0.999910440438 0.000241794259637 
1691.99476363 1.00017833635 0.000241739326157 
1691.99544486 0.999671539161 0.000241871995968 
1691.99612599 0.999735623134 0.000241866262513 
1691.99680702 1.00011590981 0.000241784393438 
1691.99748825 0.999935822212 0.000241838264628 
1691.99816938 0.999909455442 0.000241854810156 
1691.99885051 0.999945448044 0.000241856178036 
1691.99953174 1.00009387707 0.000241830901359 
1692.00021287 1.00031876744 0.0002417867654 
1692.000894 1.00046813064 0.000241761284997 
1692.00157523 1.00033279016 0.000241804562393 
1692.00225636 1.00007799368 0.000241876667133 
1692.00293739 0.999828531375 0.000241947898758 
1692.00361852 0.999918973821 0.000241936853854 
1692.00429975 0.999708187264 0.000241998495767 
1692.00498088 0.999731878613 0.000242003909079 
1692.00566201 0.999733616957 0.000242014531977 
1692.00634324 0.999986533194 0.00024196440063 
1692.00702437 1.00014463159 0.000241937363171 
1692.0077056 1.00032296372 0.00024188059615 
1692.00838663 0.999780965489 0.000241998568526 
1692.00906776 0.999598303997 0.000242028414505 
1692.00974889 1.00018672831 0.000241870831815 
1692.01043012 1.00013663533 0.00024186776136 
1692.01111125 1.00029036428 0.000241815345362 
1692.01179248 1.00028156009 0.000241802481469 
1692.01247361 1.00022179811 0.000241801782977 
1692.01315474 1.00010142444 0.00024181601475 
1692.01383577 0.999752720336 0.000241885412834 
1692.014517 1.00029203137 0.000241740213824 
1692.01519813 1.00004515071 0.000241785222897 
1692.01587936 1.00030517467 0.000241707675741 
1692.01656049 0.999864179279 0.000241799862124 
1692.01724162 0.999836935904 0.000241791844019 
1692.01792285 1.00018914737 0.000241692192503 
1692.01860398 1.0001452036 0.000241688554524 
1692.01928501 1.00024709599 0.000241649511736 
1692.01996614 0.999555871556 0.000241802539676 
1692.02064737 1.00045354816 0.000241571382503 
1692.0213285 1.00015128056 0.000241630274104 
1692.02200963 0.999758650265 0.000241711109993 
1692.02269086 0.999676088998 0.000241717047174 
1692.02337199 0.99963567988 0.000241712899879 
1692.02405312 0.999666393807 0.000241715373704 
1692.02473435 0.999763846527 0.000241701549385 
1692.02541538 0.999860430499 0.00024168829259 
1692.02609652 0.999281817036 0.000241838031798 
1692.02677775 0.999652271935 0.000241758665652 
1692.02745888 0.999871793086 0.000241715621087 
1692.02814001 0.999530192451 0.000241808433202 
1692.02882114 0.999733880251 0.000241769259446 
1692.02950237 0.999768987933 0.000241770263528 
1692.0301835 0.999162342751 0.000241925285081 
1692.03086453 0.998947328102 0.000241985690081 
1692.03154576 0.998804297051 0.000242028720095 
1692.03222689 0.999635442885 0.000241836169153 
1692.03290802 0.999540600085 0.00024186776136 
1692.03358925 0.999148209365 0.000241971356445 
1692.03427038 0.999141170137 0.000241981833824 
1692.03495151 0.998962134988 0.000242033813265 
1692.03563274 0.998879639311 0.000242062902544 
1692.03631377 0.998995442175 0.000242043664912 
1692.0369949 0.998809414519 0.000242097768933 
1692.03767613 0.998767285663 0.000242117137532 
1692.03835726 0.998877811172 0.000242099311436 
1692.03903839 0.999020816111 0.000242074136622 
1692.03971962 0.998859349598 0.000242122318014 
1692.04040075 0.998756684831 0.000242138339672 
1692.04108198 0.998625961103 0.000242161157075 
1692.04176301 0.9985575266 0.000242168796831 
1692.04244414 0.998946138863 0.000242065798375 
1692.04312527 0.998288256544 0.000242216672632 
1692.0438065 0.998295253048 0.000242206209805 
1692.04448763 0.998703939254 0.000242098671151 
1692.04516886 0.999004855363 0.000242017224082 
1692.04584999 0.997918215221 0.000242272115429 
1692.04653112 0.997987445666 0.000242246984271 
1692.04721225 0.998117172248 0.000242207417614 
1692.04789338 0.998116277061 0.000242199355853 
1692.04857451 0.998349491184 0.000242134701693 
1692.04925564 0.998119746936 0.000242182097281 
1692.04993687 0.998054853632 0.000242189140408 
1692.050618 0.997838324098 0.000242231209995 
1692.05129913 0.997693698884 0.000242256355705 
1692.05198026 0.998023238886 0.000242166599492 
1692.05266149 0.99783563912 0.000242202426307 
1692.05334252 0.997698025 0.000242225738475 
1692.05402365 0.997675221752 0.000242221605731 
1692.05470488 0.997134657472 0.000242343507125 
1692.05538601 0.997201205711 0.00024231756106 
1692.05606714 0.997562126592 0.000242220485234 
1692.05674837 0.997596281371 0.000242206428084 
1692.0574295 0.997417522741 0.000242244190304 
1692.05811063 0.997194124136 0.000242292648181 
1692.05879176 0.996904224142 0.000242357855313 
1692.05947289 0.997266789421 0.000242264286499 
1692.06015402 0.996838515532 0.000242362977588 
1692.06083515 0.996567976449 0.000242423178861 
1692.06151638 0.996821842205 0.000242356167291 
1692.06219751 0.996836708445 0.000242347683525 
1692.06287874 0.99615134012 0.000242509078817 
1692.06355987 0.99659241202 0.000242396810791 
1692.0642409 0.99657926284 0.000242395108216 
1692.06492203 0.99641031365 0.000242431051447 
1692.06560326 0.996224766991 0.000242471622187 
1692.06628439 0.996279878007 0.000242453359533 
1692.06696562 0.995982370118 0.000242520982283 
1692.06764675 0.996304343667 0.000242437978159 
1692.06832788 0.996024325791 0.000242501773755 
1692.06900911 0.995884337001 0.000242531183176 
1692.06969024 0.996072407589 0.000242481124587 
1692.07037127 0.996418040879 0.000242391441134 
1692.0710525 0.995914022782 0.000242507972871 
1692.07173363 0.995431243891 0.000242618960328 
1692.07241476 0.995877245287 0.000242504233029 
1692.07309599 0.995783633174 0.000242513706326 
1692.07377712 0.995766995935 0.000242504611379 
1692.07445825 0.99572237108 0.000242502443143 
1692.07513948 0.995415411783 0.000242564332439 
1692.07582051 0.995607766272 0.000242504596827 
1692.07650164 0.995533417012 0.000242509733653 
1692.07718288 0.995396120074 0.000242530368268 
1692.077864 0.995007977702 0.000242612339207 
1692.07854514 0.995323516283 0.00024252285948 
1692.07922627 0.99490568944 0.000242611858994 
1692.0799075 0.995395170388 0.00024247993133 
1692.08058863 0.995513191964 0.000242438778514 
1692.08126966 0.995310327062 0.000242475915002 
1692.08195089 0.994951931349 0.00024255097378 
1692.08263202 0.995294552968 0.000242455149419 
1692.08331315 0.995027054606 0.000242508278461 
1692.08399438 0.995114439383 0.000242474969127 
1692.08467551 0.994955351505 0.000242501642788 
1692.08535664 0.995046226027 0.000242467489443 
1692.08603787 0.994480879877 0.000242593494477 
1692.0867189 0.994682664243 0.000242532347329 
1692.08740003 0.99451665693 0.00024256092729 
1692.08808116 0.994783106462 0.000242484500632 
1692.08876239 0.9940851789 0.000242642854573 
1692.08944352 0.994109609038 0.000242631605943 
1692.09012465 0.994379443199 0.000242560592596 
1692.09080588 0.994197767462 0.000242598616751 
1692.09148701 0.994213467465 0.000242587469984 
1692.09216824 0.994702607691 0.000242461057496 
1692.09284927 0.994142696006 0.000242590453126 
1692.0935304 0.993921776472 0.000242637193878 
1692.09421153 0.994355746891 0.000242524154601 
1692.09489276 0.994000314024 0.000242604088271 
1692.09557389 0.993990690978 0.000242599591729 
1692.09625512 0.994212461056 0.000242538750172 
1692.09693625 0.993978429729 0.000242589172558 
1692.09761738 0.993960076217 0.000242586931563 
1692.09829841 0.993912912967 0.000242591893766 
1692.09897964 0.993870116842 0.00024259572092 
1692.09966077 0.994051694649 0.000242545051151 
1692.100342 0.993774055267 0.000242606416577 
1692.10102313 0.993889265365 0.000242572146817 
1692.10170426 0.993910198455 0.000242560432525 
1692.10238549 0.99372948116 0.000242598718614 
1692.10306662 0.994030643913 0.000242519075982 
1692.10374765 0.99350339823 0.000242641719524 
1692.10442878 0.993979965779 0.000242519367021 
1692.10511001 0.993694490889 0.000242583148065 
1692.10579114 0.993781758361 0.000242575653829 
1692.10647227 0.993983400614 0.000242540452746 
1692.1071535 0.993779101307 0.000242604102823 
1692.10783463 0.993315679101 0.000242731446633 
1692.10851576 0.993742401714 0.000242641355726 
1692.10919699 0.99382094392 0.000242636262556 
1692.10987802 0.993400257163 0.000242753478233 
1692.11055915 0.993527641268 0.000242736554355 
1692.11124038 0.993183845067 0.000242833863012 
1692.11192151 0.993994597064 0.000242648355197 
1692.11260264 0.99376410837 0.000242716807406 
1692.11328377 0.993382709786 0.000242822745349 
1692.113965 0.993407122344 0.000242829220952 
1692.11464613 0.993639235289 0.000242785041337 
1692.11532716 0.993469911237 0.000242839203565 
1692.11600839 0.993785834487 0.000242774651269 
1692.11668952 0.99342885987 0.00024287479755 
1692.11737065 0.993427095386 0.00024288817076 
1692.11805188 0.993464598288 0.000242891881499 
1692.11873301 0.993272619799 0.000242951835389 
1692.11941414 0.99346455965 0.000242917827563 
1692.12009537 0.99354482515 0.000242911730311 
1692.1207764 0.993529097398 0.000242928639636 
1692.12145753 0.993893926375 0.000242852926021 
1692.12213876 0.993295207262 0.000242984766373 
1692.12281989 0.993340557751 0.000242959009483 
1692.12350102 0.993326578205 0.000242947993684 
1692.12418225 0.993350989255 0.000242927388172 
1692.12486338 0.993575234417 0.000242858455749 
1692.12554461 0.993658127174 0.000242824055022 
1692.12622564 0.993406774309 0.000242871246883 
1692.12690677 0.993569067142 0.000242817273829 
1692.1275879 0.993248811911 0.000242881549639 
1692.12826913 0.993204299215 0.000242878479185 
1692.12895026 0.992967016037 0.000242922498728 
1692.12963149 0.993207749926 0.000242850015638 
1692.13031263 0.993287994552 0.000242816618993 
1692.13099376 0.993329854573 0.000242792710196 
1692.13167489 0.993653588189 0.000242698995862 
1692.13235602 0.993253037914 0.000242781010456 
1692.13303715 0.993269594927 0.000242761394475 
1692.13371828 0.993711135641 0.000242638125201 
1692.13439951 0.993114271124 0.000242768335738 
1692.13508064 0.993643889998 0.000242623573286 
1692.13576177 0.99362903326 0.000242611800786 
1692.1364429 0.99330090622 0.000242676876951 
1692.13712413 0.993201428682 0.000242685709964 
1692.13780516 0.993196174783 0.000242671958404 
1692.13848639 0.993509392706 0.000242592126597 
1692.13916752 0.99339767825 0.00024261593353 
1692.13984865 0.99332785575 0.000242629801505 
1692.14052978 0.993352266634 0.000242620604695 
1692.14121101 0.99334701189 0.000242618887569 
1692.14189214 0.993320816954 0.000242622103542 
1692.14257327 0.993322542349 0.000242618523771 
1692.1432544 0.993428973588 0.000242589696427 
1692.14393553 0.993286731205 0.000242621579673 
1692.14461666 0.993760575661 0.000242502850597 
1692.14529779 0.993334678931 0.000242604393861 
1692.14597902 0.993288417226 0.000242612950387 
1692.14666015 0.993441091777 0.000242572932621 
1692.14734138 0.993327639886 0.000242598194745 
1692.14802251 0.992974318245 0.000242682101089 
1692.14870354 0.99351084363 0.000242548660026 
1692.14938467 0.993404364312 0.000242572481511 
1692.1500659 0.993269104986 0.000242603287916 
1692.15074703 0.993413050672 0.000242566035013 
1692.15142826 0.993373765597 0.000242573543801 
1692.15210939 0.993346697309 0.000242577021709 
1692.15279052 0.993248087434 0.0002425970888 
1692.15347175 0.993113721664 0.000242625741521 
1692.15415288 0.992954952767 0.000242660651566 
1692.15483391 0.993029943194 0.000242652036832 
1692.15551514 0.993052602044 0.000242656329647 
1692.15619627 0.992783089237 0.000242732072365 
1692.1568774 0.992872020246 0.000242720445385 
1692.15755863 0.99329942414 0.000242626090767 
1692.15823976 0.993302894275 0.000242635505856 
1692.15892089 0.99297225808 0.000242726266151 
1692.15960212 0.992955666732 0.000242740585236 
1692.16028315 0.993145800147 0.000242704627453 
1692.16096428 0.993008831444 0.000242748268647 
1692.16164551 0.993399645609 0.000242663212703 
1692.16232664 0.993792359408 0.000242578040343 
1692.16300777 0.993082913876 0.000242761758273 
1692.1636889 0.993123020205 0.000242762514972 
1692.16437013 0.993245133484 0.000242743379204 
1692.16505126 0.992943297574 0.000242827998591 
1692.16573239 0.993032242829 0.000242817375693 
1692.16641352 0.993184005388 0.000242791036726 
1692.16709465 0.993180495978 0.000242803012952 
1692.16777578 0.992916181175 0.000242878813879 
1692.16845701 0.993068798247 0.000242852649535 
1692.16913814 0.992989404169 0.000242883412284 
1692.16981927 0.992741707889 0.000242955327849 
1692.1705005 0.993497119484 0.000242781708948 
1692.17118153 0.992683246344 0.00024297463824 
1692.17186266 0.992756472037 0.00024295032199 
1692.17254379 0.992782612548 0.000242936817813 
1692.17322502 0.993008473263 0.000242873225943 
1692.17390615 0.992890709845 0.000242893933319 
1692.17458728 0.992746800173 0.000242921203608 
1692.17526851 0.992724108562 0.000242918700678 
1692.17594964 0.993368687714 0.000242753361817 
1692.17663087 0.992709245091 0.000242906739004 
1692.1773119 0.992867934952 0.000242860071012 
1692.17799303 0.992967339529 0.000242827940383 
1692.17867416 0.99307634914 0.000242793583311 
1692.17935539 0.992880956482 0.000242833892116 
1692.18003652 0.992951580134 0.00024280892103 
1692.18071775 0.993038781448 0.000242780195549 
1692.18139888 0.992906187934 0.000242805326707 
1692.18208001 0.99314690645 0.00024273924646 
1692.18276104 0.993250701086 0.000242706621066 
1692.18344228 0.993157334499 0.000242722133407 
1692.18412341 0.993277706845 0.000242685826379 
1692.18480464 0.992951439593 0.00024275839678 
1692.18548577 0.992610457509 0.000242835012614 
1692.1861669 0.992778723686 0.000242787049501 
1692.18684813 0.992840619166 0.000242765177973 
1692.18752926 0.993286330882 0.000242663983954 
1692.18821029 0.992925174063 0.000242760259425 
1692.18889142 0.992979228826 0.000242755340878 
1692.18957265 0.992776006937 0.000242813199293 
1692.19025378 0.993134452181 0.000242733833147 
1692.19093491 0.992862300459 0.000242808760959 
1692.19161614 0.992991359021 0.000242785376031 
1692.19229727 0.992754125962 0.00024285184918 
1692.1929784 0.992942476063 0.000242813432124 
1692.19365953 0.992797686629 0.00024285519612 
1692.19434066 0.992748833372 0.000242873793468 
1692.19502179 0.992910145768 0.000242841037107 
1692.19570302 0.992946756055 0.0002428387088 
1692.19638415 0.993101122116 0.000242807946051 
1692.19706528 0.992783632973 0.000242892172537 
1692.19774651 0.993022577117 0.000242840891588 
1692.19842764 0.992617921005 0.000242946771323 
1692.19910877 0.993003347551 0.000242859459831 
1692.1997898 0.993296436742 0.000242794747464 
1692.20047103 0.992610885178 0.000242969792453 
1692.20115216 0.993458690377 0.000242769834585 
1692.20183329 0.99311055537 0.000242862210143 
1692.20251452 0.99249399979 0.000243020360358 
1692.20319565 0.993066899955 0.000242887806962 
1692.20387678 0.992770349843 0.000242956826696 
1692.20455801 0.992963935992 0.000242905996856 
1692.20523904 0.993016248216 0.000242890077061 
1692.20592017 0.992670012061 0.000242971786065 
1692.2066014 0.992727540638 0.000242954454734 
1692.20728253 0.992784200513 0.000242937487201 
1692.20796366 0.993242100623 0.00024282259983 
1692.20864489 0.992867878035 0.000242911220994 
1692.20932602 0.992693452603 0.000242951035034 
1692.21000725 0.992900105564 0.000242898095166 
1692.21068828 0.992680332691 0.000242949055973 
1692.21136941 0.992633228806 0.00024295791809 
1692.21205054 0.992946268339 0.000242878799327 
1692.21273177 0.993127676004 0.000242831971264 
1692.2134129 0.992818898736 0.000242903886829 
1692.21409413 0.992670639369 0.000242935770075 
1692.21477526 0.992800544802 0.000242899855948 
1692.21545639 0.992851104126 0.000242882801103 
1692.21613742 0.992972311188 0.00024284904066 
1692.21681865 0.992650503435 0.000242923619226 
1692.21749978 0.992892031685 0.000242860522121 
1692.21818091 0.993219111236 0.00024277655757 
1692.21886214 0.992944319487 0.000242839727434 
1692.21954327 0.993020180599 0.000242817375693 
1692.2202244 0.992527469223 0.000242942362092 
1692.22090563 0.99297303998 0.000242837922997 
1692.22158676 0.992876210623 0.000242866328335 
1692.22226779 0.992826481127 0.00024288338318 
1692.22294902 0.992641599921 0.000242933063419 
1692.22363015 0.992721797719 0.000242918729782 
1692.22431128 0.992545654146 0.000242966576479 
1692.22499241 0.992749660177 0.00024292175658 
1692.22567364 0.993071459044 0.000242848022026 
1692.22635477 0.992496771837 0.00024299386132 
1692.2270359 0.992434857114 0.000243014481384 
1692.22771703 0.992835037389 0.00024292175658 
1692.22839816 0.992828040244 0.000242928726948 
1692.22907929 0.992600436283 0.000242989990511 
1692.22976052 0.992787012748 0.000242949812673 
1692.23044165 0.99312278079 0.000242873473326 
1692.23112278 0.993148930286 0.00024287267297 
1692.23180401 0.992885495273 0.000242942536715 
1692.23248514 0.992709322565 0.0002429918095 
1692.23316617 0.992395445021 0.000243074391619 
1692.2338473 0.992595060762 0.00024303040118 
1692.23452853 0.99253575525 0.00024304886756 
1692.23520966 0.992434609771 0.000243077636696 
1692.23589089 0.992495611475 0.000243066635448 
1692.23657203 0.992961227791 0.000242619120399 
1692.23725316 0.992648142461 0.000242750698817 
1692.23793439 0.992701309636 0.000242737529334 
1692.23861552 0.992446710568 0.000242799767875 
1692.23929655 0.992632386146 0.000242754089413 
1692.23997778 0.992884375082 0.000242692389293 
1692.24065891 0.992700354861 0.000242737645749 
1692.24134004 0.993082323782 0.00024264435342 
1692.24202127 0.992809313726 0.00024271136499 
1692.2427024 0.992769179477 0.000242721478571 
1692.24338363 0.992934855438 0.000242681082455 
1692.24406476 0.993302082234 0.000242591777351 
1692.24474579 0.992640067363 0.000242754089413 
1692.24542692 0.992887697588 0.000242693990003 
1692.24610815 0.992629563055 0.000242757829255 
1692.24678928 0.992811784545 0.00024271417351 
1692.24747041 0.992736770062 0.000242732814513 
1692.24815164 0.992966980448 0.000242677488131 
1692.24883277 0.992747192355 0.000242732232437 
1692.2495139 0.992968683202 0.000242679161602 
1692.25019503 0.993013145088 0.000242669266299 
1692.25087616 0.992944220518 0.000242687194259 
1692.25155729 0.992710485918 0.000242745358264 
1692.25223842 0.992586653966 0.000242777183303 
1692.25291965 0.993190140074 0.00024263074738 
1692.25360078 0.992543020484 0.000242790556513 
1692.25428191 0.992351218522 0.000242839785642 
1692.25496314 0.992774037025 0.000242737514782 
1692.25564417 0.992751343906 0.000242744601564 
1692.2563253 0.992765275112 0.000242742607952 
1692.25700643 0.992692007938 0.000242761845584 
1692.25768766 0.992646646809 0.000242774680373 
1692.25836879 0.992807941911 0.000242736903601 
1692.25904992 0.992492289363 0.000242815571255 
1692.25973115 0.992424272562 0.000242834255914 
1692.26041228 0.992265612699 0.000242874768446 
1692.26109351 0.992576792075 0.000242800844717 
1692.26177454 0.992968307286 0.000242707086727 
1692.26245567 0.992672657911 0.000242781388806 
1692.2631368 0.992800819003 0.000242752052145 
1692.26381803 0.992416301562 0.000242848604103 
1692.26449916 0.992986539594 0.000242711525061 
1692.26518039 0.992896685447 0.000242735739448 
1692.26586152 0.992603672968 0.000242809881456 
1692.26654265 0.992429293338 0.000242854861426 
1692.26722368 0.992444963374 0.000242853871896 
1692.26790491 0.993070169929 0.000242703332333 
1692.26858604 0.992474560647 0.000242851645453 
1692.26926727 0.992593105584 0.000242825655732 
1692.2699484 0.992845956319 0.000242766764131 
1692.27062953 0.992913960059 0.000242756141233 
1692.27131076 0.992468374278 0.000242871363298 
1692.27199189 0.992825835499 0.000242789901677 
1692.27267292 0.99269152553 0.000242829075432 
1692.27335415 0.992175446049 0.000242961803451 
1692.27403528 0.992718514128 0.0002428352891 
1692.27471641 0.992294805749 0.000242944312049 
1692.27539754 0.992212857801 0.00024296893389 
1692.27607877 0.992545815715 0.000242892056121 
1692.2767599 0.992622517661 0.000242877649725 
1692.27744103 0.992764624213 0.000242847701884 
1692.27812216 0.992986118653 0.000242798341787 
1692.27880329 0.992197936514 0.000242995854933 
1692.27948442 0.992843044973 0.000242842666921 
1692.28016565 0.992523893839 0.00024292593298 
1692.28084678 0.992877886517 0.000242844340391 
1692.28152791 0.992737465483 0.000242883659666 
1692.28220914 0.993326210295 0.000242744979914 
1692.28289027 0.992778407427 0.000242883921601 
1692.2835714 0.992602253186 0.000242932379479 
1692.28425243 0.992938830344 0.000242855399847 
1692.28493366 0.99243918482 0.000242982889176 
1692.28561479 0.992706819403 0.000242923037149 
1692.28629592 0.992607399705 0.000242952868575 
1692.28697715 0.992226443091 0.000243043905357 
1692.28765828 0.992592535577 0.000242951937253 
1692.28833941 0.992575077323 0.000242953901761 
1692.28902064 0.992759032383 0.000242906695348 
1692.28970167 0.99288633224 0.000242873240495 
1692.29038281 0.992786022493 0.000242895635893 
1692.29106404 0.992934257415 0.000242857538979 
1692.29174517 0.992699652794 0.000242912748945 
1692.2924263 0.992280310205 0.000243013608269 
1692.29310753 0.992782449379 0.000242888869252 
1692.29378866 0.992810333365 0.00024288064742 
1692.29446989 0.99255221845 0.000242941780016 
1692.29515092 0.992946340138 0.000242843016167 
1692.29583205 0.992968995549 0.000242833673838 
1692.29651318 0.99235688512 0.000242980109761 
1692.29719441 0.992770113385 0.000242875234107 
1692.29787554 0.992864274275 0.000242848749622 
1692.29855677 0.992370767771 0.000242966212681 
1692.2992379 0.992679363928 0.000242887428612 
1692.29991903 0.992703757121 0.000242878159042 
1692.30060006 0.99253459041 0.000242916343268 
1692.30128129 0.992385500908 0.000242949725362 
1692.30196242 0.992667071563 0.000242878071731 
1692.30264355 0.992670537922 0.000242874244577 
1692.30332478 0.992722833652 0.000242858048296 
1692.30400591 0.993054217891 0.000242773501668 
1692.30468704 0.992732382682 0.000242848909693 
1692.30536827 0.992436803118 0.000242917842115 
1692.3060494 0.992890181357 0.000242803696892 
1692.30673043 0.993014008937 0.000242770358454 
1692.30741166 0.99285961478 0.000242805035668 
1692.30809279 0.992492509418 0.000242892027018 
1692.30877392 0.992655522795 0.000242849098868 
1692.30945515 0.992461083296 0.000242893918767 
1692.31013628 0.992583985473 0.000242861016886 
1692.31081741 0.992716494473 0.000242825961323 
1692.31149854 0.992563018372 0.000242860784056 
1692.31217967 0.992519406184 0.000242868874921 
1692.3128608 0.992746949523 0.000242810783675 
1692.31354193 0.992422598674 0.000242887923378 
1692.31422316 0.992701563861 0.000242817346589 
1692.31490429 0.992935254049 0.000242757567321 
1692.31558542 0.992484427672 0.00024286484404 
1692.31626665 0.992513174855 0.000242853464442 
1692.31694778 0.992539307424 0.000242842856096 
1692.31762881 0.992666578834 0.000242807742325 
1692.31830994 0.992961311755 0.000242731301114 
1692.31899117 0.992444219837 0.000242853930104 
1692.3196723 0.99295429127 0.000242733454797 
1692.32035353 0.992785081668 0.000242778740358 
1692.32103466 0.992541793816 0.000242842448642 
1692.32171579 0.99272399844 0.000242802154389 
1692.32239702 0.992352584826 0.00024289744033 
1692.32307805 0.992821621408 0.000242786773015 
1692.32375918 0.992618430374 0.000242841226282 
1692.32444041 0.992125917268 0.000242966445512 
1692.32512154 0.992549510902 0.000242867128691 
1692.32580267 0.992820663081 0.000242805544985 
1692.3264839 0.99254598047 0.000242877504206 
1692.32716503 0.992661917604 0.000242854119278 
1692.32784626 0.992542450026 0.00024288786517 
1692.32852739 0.992591251329 0.000242881316808 
1692.32920842 0.992548509563 0.000242896552663 
1692.32988955 0.992710659972 0.000242862122832 
1692.33057078 0.99269319923 0.000242871537921 
1692.33125191 0.992680098466 0.000242879861617 
1692.33193304 0.993159758006 0.000242768030148 
1692.33261427 0.993038485961 0.000242802896537 
1692.3332954 0.992554482581 0.000242926835199 
1692.33397653 0.993228611733 0.000242767491727 
1692.33465766 0.993010509329 0.000242826557951 
1692.33533879 0.993082012863 0.000242814625381 
1692.33601992 0.992863070541 0.000242859052378 
1692.33670105 0.992672949777 0.000242895534029 
1692.33738228 0.992332061745 0.000242968948442 
1692.33806341 0.99296242959 0.000242805006565 
1692.33874454 0.992169036731 0.000242989190156 
1692.33942577 0.992451417343 0.000242910246016 
1692.3401068 0.992979808323 0.000242771260673 
1692.34078793 0.992962342755 0.00024276599288 
1692.34146916 0.992419098513 0.000242889145738 
1692.34215029 0.992880317307 0.000242766822339 
1692.34283142 0.992936984522 0.00024274365569 
1692.34351255 0.99271458623 0.000242788795731 
1692.34419378 0.992766011881 0.000242766953306 
1692.34487491 0.993211688481 0.000242648660787 
1692.34555595 0.992958701817 0.000242701396928 
1692.34623718 0.993027584787 0.000242675538175 
1692.34691831 0.993128748255 0.00024264169042 
1692.34759944 0.992442439201 0.000242800801061 
1692.34828067 0.992479902441 0.000242782625719 
1692.3489618 0.992567932435 0.000242752212216 
1692.34964303 0.992701310881 0.0002427110594 
1692.35032416 0.993068450256 0.000242612470174 
1692.35100529 0.992826836816 0.000242663212703 
1692.35168632 0.992520767083 0.000242729467573 
1692.35236755 0.993324867646 0.000242537033046 
1692.35304868 0.99293229692 0.000242637266638 
1692.35372991 0.992714259407 0.000242694834014 
1692.35441104 0.992651457936 0.000242714653723 
1692.35509217 0.99303515142 0.000242625377723 
1692.3557734 0.992611307115 0.000242733236519 
1692.35645453 0.992313148278 0.000242809881456 
1692.35713556 0.992645267171 0.000242731068283 
1692.35781679 0.992841443614 0.00024268598645 
1692.35849792 0.993129249406 0.000242618247285 
1692.35917905 0.992974836853 0.00024265893444 
1692.35986028 0.9927934148 0.000242705806158 
1692.36054141 0.99287972827 0.000242687761784 
1692.36122254 0.993012276285 0.000242658279603 
1692.36190367 0.992901487507 0.000242688445724 
1692.3625848 0.992622422767 0.000242759779212 
1692.36326593 0.992905804341 0.000242693611654 
1692.36394706 0.992844734829 0.000242712034378 
1692.36462829 0.992653745406 0.000242761758273 
1692.36530942 0.993040928692 0.000242670765147 
1692.36599055 0.992612722434 0.000242778885877 
1692.36667178 0.992478440395 0.000242815207457 
1692.36735291 0.992780093178 0.000242745009018 
1692.36803404 0.992912627831 0.000242716370849 
1692.36871517 0.992694594507 0.000242788140895 
1692.3693963 0.992678005632 0.00024281021615 
1692.37007743 0.992874188441 0.000242780632107 
1692.37075856 0.993159386539 0.000242729176534 
1692.37143979 0.992916006499 0.000242807291215 
1692.37212092 0.993193365075 0.000242758105742 
1692.37280205 0.993102618881 0.000242798836553 
1692.37348328 0.992652587895 0.000242927460931 
1692.37416431 0.992904580662 0.000242884765612 
1692.37484544 0.992518278391 0.00024299803772 
1692.37552667 0.99264554657 0.000242985595833 
1692.3762078 0.992930678944 0.000242935144342 
1692.37688893 0.993167911957 0.000242894908297 
1692.37757016 0.992749242767 0.000243014306761 
1692.37825129 0.992929740647 0.000242987181991 
1692.37893252 0.992965477634 0.000242995563895 
1692.37961355 0.992614026176 0.000243098751525 
1692.38029468 0.992822405043 0.000243065020186 
1692.38097581 0.992636651154 0.000243127826252 
1692.38165704 0.992947945745 0.000243068905547 
1692.38233817 0.992967111632 0.0002430818422 
1692.3830194 0.992865920761 0.000243123955443 
1692.38370053 0.992964450873 0.000243117683567 
1692.38438166 0.992528431168 0.000243242116994 
1692.38506269 0.992847540523 0.000243148577283 
1692.38574392 0.993032417429 0.000243087939452 
1692.38642505 0.992290390978 0.000243254646193 
1692.38710618 0.993017545098 0.000243061454967 
1692.38778741 0.992990484095 0.000243053029408 
1692.38846854 0.993007906299 0.00024303382088 
1692.38914967 0.993374286176 0.000242929367232 
1692.3898309 0.992615438376 0.000243100323132 
1692.39051203 0.992778471203 0.00024304544786 
1692.39119306 0.992420983851 0.000243118367507 
1692.39187429 0.992895284881 0.000242987662205 
1692.39255542 0.992551704539 0.000243057089392 
1692.39323655 0.992618815098 0.000243026312091 
1692.39391778 0.992723424403 0.000242986250669 
1692.39459891 0.992647543291 0.000242990456172 
1692.39528004 0.992974540582 0.000242896421696 
1692.39596117 0.992722485852 0.000242943715421 
1692.3966423 0.992975368365 0.000242867754423 
1692.39732343 0.992616938175 0.000242940513999 
1692.39800456 0.992545424259 0.000242941852775 
1692.39868579 0.992903784185 0.000242838170379 
1692.39936692 0.992962196612 0.000242807800532 
1692.40004805 0.992957813462 0.000242792957579 
1692.40072929 0.992682220308 0.000242844515014 
1692.40141042 0.993226437008 0.000242703477852 
1692.40209145 0.992707462367 0.000242822381551 
1692.40277258 0.99298476243 0.000242746711592 
1692.40345381 0.993105983994 0.000242709254962 
1692.40413494 0.993359836668 0.000242639478529 
1692.40481617 0.993157407118 0.000242681300733 
1692.4054973 0.993077131306 0.000242693640757 
1692.40617843 0.993232388003 0.000242647962295 
1692.40685966 0.993060513427 0.000242682581302 
1692.40754069 0.993141615652 0.000242655165493 
1692.40822182 0.993000283944 0.000242682595854 
1692.40890305 0.993001133848 0.000242675159825 
1692.40958418 0.993077869763 0.000242649388383 
1692.41026531 0.992716786556 0.000242730558966 
1692.41094654 0.992746411625 0.000242716210778 
1692.41162767 0.993080419633 0.000242627487751 
1692.4123089 0.992957412219 0.000242650610744 
1692.41299003 0.993025422286 0.000242627400439 
1692.41367106 0.992954750992 0.000242638125201 
1692.41435219 0.993164073465 0.000242580339545 
1692.41503342 0.993178881363 0.000242569978582 
1692.41571455 0.993501690215 0.000242484471528 
1692.41639568 0.992957278077 0.000242611014983 
1692.41707691 0.992795043394 0.000242644251557 
1692.41775804 0.992706949095 0.000242677444476 
1692.41843917 0.992975526884 0.000242622350925 
1692.4191203 0.993127278266 0.000242595939199 
1692.41980143 0.993355832551 0.000242550988332 
1692.42048256 0.99327379566 0.000242581721977 
1692.42116379 0.992986775892 0.000242662426899 
1692.42184492 0.993198722231 0.000242621768848 
1692.42252605 0.99330513739 0.000242606562097 
1692.42320718 0.99338451435 0.000242598209297 
1692.42388841 0.99308873957 0.000242681475356 
1692.42456944 0.993201249676 0.000242665410042 
1692.42525057 0.993432438731 0.00024262010993 
1692.4259318 0.992697960584 0.000242811132921 
1692.42661293 0.992860134575 0.000242782829446 
1692.42729406 0.993370418831 0.000242669688305 
1692.42797529 0.992791196536 0.000242822730797 
1692.42865642 0.992839137127 0.000242822425207 
1692.42933755 0.993199347638 0.00024274631869 
1692.43001858 0.993548343674 0.000242672816967 
1692.43069981 0.993154811616 0.00024278073397 
1692.43138094 0.993495065424 0.000242709444137 
1692.43206207 0.992903560479 0.000242865964537 
1692.4327433 0.993119850572 0.000242825306486 
1692.43342443 0.99324283325 0.00024280710204 
1692.43410566 0.993669521227 0.000242699490627 
1692.43478679 0.993266344127 0.000242794150836 
1692.43546792 0.993043871285 0.000242845097091 
1692.43614895 0.992841505879 0.000242891255766 
1692.43683018 0.99308482312 0.000242828537012 
1692.43751131 0.993190353571 0.00024279934587 
1692.43819254 0.993093500992 0.000242818685365 
1692.43887367 0.99307254346 0.000242818394327 
1692.4395548 0.992929477018 0.000242848269409 
1692.44023603 0.993030629704 0.000242818234256 
1692.44091716 0.99335600776 0.000242733833147 
1692.44159819 0.993273098233 0.000242749229074 
1692.44227942 0.992981717484 0.000242815411184 
1692.44296055 0.993398694928 0.000242708672886 
1692.44364168 0.993387329011 0.00024270657741 
1692.44432291 0.993413483496 0.000242695517954 
1692.44500404 0.99394587799 0.000242560810875 
1692.44568517 0.99279148274 0.000242838286795 
1692.4463663 0.993494569017 0.000242662048549 
1692.44704743 0.993241509447 0.000242719514063 
1692.44772856 0.993717947877 0.000242598718614 
1692.44840969 0.993142012151 0.000242735113716 
1692.44909092 0.993151585333 0.00024272853625 
1692.44977205 0.993387125416 0.000242666952545 
1692.45045318 0.993281528868 0.000242699214141 
1692.45113441 0.99340104114 0.000242676673224 
1692.45181554 0.993278866168 0.00024271341681 
1692.45249657 0.993328575141 0.000242708309088 
1692.4531778 0.993157555911 0.000242756708758 
1692.45385893 0.993422764972 0.000242698763032 
1692.45454006 0.993476844301 0.000242692913162 
1692.45522119 0.993317141922 0.000242738780798 
1692.45590243 0.993640868178 0.000242666967097 
1692.45658356 0.993256896111 0.000242768073804 
1692.45726469 0.993429632264 0.000242733280174 
1692.45794592 0.99336067692 0.00024275733449 
1692.45862695 0.993501142241 0.000242729423917 
1692.45930808 0.993006445571 0.000242855749093 
1692.45998931 0.993385912611 0.000242768626777 
1692.46067044 0.993830993592 0.000242665453698 
1692.46135157 0.993541194425 0.000242741516558 
1692.4620328 0.993179942348 0.000242835856625 
1692.46271393 0.993590020967 0.000242741312832 
1692.46339516 0.993905978945 0.000242669906584 
1692.46407619 0.993712166042 0.000242723152041 
1692.46475732 0.993736583198 0.00024272299197 
1692.46543845 0.993818613121 0.000242709065787 
1692.46611968 0.993438935301 0.000242808178882 
1692.46680081 0.993493888072 0.000242797992541 
1692.46748204 0.993575897942 0.000242781083216 
1692.46816317 0.99352613115 0.000242796755629 
1692.4688443 0.993403068094 0.000242830472416 
1692.46952533 0.993408280755 0.000242832611548 
1692.47020656 0.993771316125 0.000242747482844 
1692.47088769 0.994102175754 0.000242670314037 
1692.47156892 0.993497219142 0.000242821901338 
1692.47225005 0.99406982275 0.00024268605921 
1692.47293118 0.994061068382 0.000242692010943 
1692.47361231 0.993594892821 0.000242809881456 
1692.47429354 0.993914344346 0.00024273582676 
1692.47497457 0.993528521103 0.000242834386881 
1692.4756557 0.99393525139 0.000242739100941 
1692.47633693 0.993634075572 0.000242816939135 
1692.47701806 0.993747519936 0.000242793452344 
1692.47769919 0.99378328558 0.000242789144977 
1692.47838042 0.993573787372 0.000242844675086 
1692.47906155 0.993862677462 0.000242777488893 
1692.47974268 0.993807658644 0.000242793787038 
1692.48042391 0.993940329578 0.000242763839196 
1692.48110494 0.994018883752 0.00024274707539 
1692.48178607 0.993871315736 0.000242785841692 
1692.4824672 0.993642597548 0.000242844529566 
1692.48314843 0.993991748932 0.0002427577856 
1692.48382956 0.993884341876 0.000242782640271 
1692.48451069 0.993284752532 0.000242928159423 
1692.48519192 0.993650361017 0.000242837544647 
1692.48587305 0.993859829588 0.0002427851432 
1692.48655408 0.993542095232 0.00024286180269 
1692.48723531 0.993824865429 0.000242791604251 
1692.48791644 0.993965396172 0.000242756315856 
1692.48859757 0.993786410841 0.000242799113039 
1692.4892788 0.99408409434 0.00024272580049 
1692.48995993 0.993857073072 0.000242780399276 
1692.49064106 0.993839590861 0.000242784037255 
1692.49132229 0.99410148903 0.000242719659582 
1692.49200332 0.993705118915 0.000242815745878 
1692.49268445 0.994279588883 0.000242675087065 
1692.49336568 0.994035060247 0.000242734429776 
1692.49404681 0.993993128054 0.00024274441239 
1692.49472794 0.994166865218 0.000242701658863 
1692.49540917 0.994107463485 0.000242715977947 
1692.4960903 0.994336242776 0.000242660375079 
1692.49677153 0.993891762792 0.000242768757744 
1692.49745256 0.993923168339 0.000242761001573 
1692.49813369 0.994097766435 0.000242718524532 
1692.49881482 0.994377200988 0.000242650683504 
1692.49949605 0.994341368075 0.000242670605076 
1692.50017718 0.994682901585 0.000242597219767 
1692.50085831 0.994584155784 0.000242631795118 
1692.50153954 0.994570155088 0.000242645139224 
1692.50222067 0.99486020857 0.000242584908847 
1692.5029018 0.994629515367 0.000242651498411 
1692.50358293 0.995036696185 0.000242562644416 
1692.50426406 0.994767515405 0.000242638896452 
1692.50494519 0.994788463047 0.000242644178797 
1692.50562642 0.994879318161 0.000242632828304 
1692.50630755 0.995189566825 0.000242567984969 
1692.50698868 0.994908983973 0.000242647220148 
1692.50766981 0.994983244707 0.000242640147917 
1692.50835104 0.995432538436 0.00024254139862 
1692.50903207 0.994690465009 0.000242733585765 
1692.5097132 0.995310964347 0.000242593247094 
1692.51039443 0.995242752233 0.000242620997597 
1692.51107556 0.995117728097 0.000242662761593 
1692.5117567 0.995085364612 0.000242681984673 
1692.51243793 0.995391305883 0.000242618771153 
1692.51311906 0.995426256094 0.00024262171064 
1692.51380019 0.995607239661 0.000242589012487 
1692.51448132 0.995751520792 0.0002425655548 
1692.51516245 0.995529365183 0.000242631271249 
1692.51584358 0.995831944117 0.000242550304392 
1692.51652471 0.995988505523 0.000242504989728 
1692.51720594 0.99572868788 0.000242561116465 
1692.51788707 0.99573741089 0.000242551774136 
1692.5185683 0.996062800388 0.00024246556859 
1692.51924943 0.995859819176 0.000242507914663 
1692.51993056 0.9960312578 0.000242458292632 
1692.52061159 0.996425883861 0.000242353125941 
1692.52129282 0.996106453953 0.000242421898292 
1692.52197395 0.996083682391 0.00024241891515 
1692.52265518 0.996622759743 0.000242278940277 
1692.52333631 0.996451172872 0.000242312074988 
1692.52401744 0.996389884069 0.000242318274104 
1692.52469867 0.996770643605 0.000242217050982 
1692.5253798 0.996483487903 0.00024227843096 
1692.52606083 0.99663927627 0.000242232199525 
1692.52674196 0.996907165867 0.000242158886977 
1692.52742319 0.996993835701 0.000242129579419 
1692.52810432 0.996831816284 0.000242160807829 
1692.52878555 0.996773130629 0.000242166686803 
1692.52946668 0.996783613793 0.000242156238528 
1692.53014781 0.997261750723 0.000242032183451 
1692.53082904 0.997227565518 0.000242032605456 
1692.53151007 0.997534165297 0.000241950474447 
1692.5321912 0.997376438348 0.000242005655309 
1692.53287243 0.997676949582 0.000241950110649 
1692.53355356 0.997196815172 0.000242083755438 
1692.53423469 0.997586645437 0.000242006557528 
1692.53491582 0.997674250623 0.000242002715822 
1692.53559705 0.997336899729 0.000242102221819 
1692.53627818 0.99753137342 0.000242072768742 
1692.53695921 0.998011622235 0.000241973611992 
1692.53764044 0.997729367161 0.000242059948505 
1692.53832157 0.997888856266 0.000242038877332 
1692.5390027 0.997756488349 0.00024208900868 
1692.53968393 0.997787139309 0.000242099340539 
1692.54036506 0.997893168732 0.000242090405663 
1692.54104619 0.99799219657 0.000242082533077 
1692.54172732 0.99773448521 0.000242160982452 
1692.54240855 0.99846299658 0.000242000212893 
1692.54308958 0.998107844697 0.000242102600168 
1692.54377071 0.998133246052 0.000242112553678 
1692.54445194 0.998296307152 0.000242089226958 
1692.54513307 0.998511140013 0.00024205360387 
1692.5458142 0.998172629312 0.000242152062128 
1692.54649543 0.998379543028 0.000242118301685 
1692.54717656 0.998909333783 0.000242006484768 
1692.54785779 0.998611035995 0.000242095367867 
1692.54853882 0.998798739547 0.000242049281951 
1692.54921995 0.998556607519 0.000242107256781 
1692.54990108 0.998732896467 0.000242064037593 
1692.55058231 0.998732873009 0.000242063673795 
1692.55126344 0.998856549952 0.000242033187533 
1692.55194467 0.998838102049 0.000242037524004 
1692.5526258 0.999156605925 0.000241959860432 
1692.55330693 0.99925663678 0.000241935587837 
1692.55398796 0.999342632926 0.000241914691287 
1692.55466919 0.999072286961 0.00024197982566 
1692.55535032 0.999171431724 0.000241955975071 
1692.55603155 0.999392597655 0.00024190248223 
1692.55671268 0.999393451982 0.000241902351263 
1692.55739381 0.999623447366 0.000241847068537 
1692.55807504 0.999356536618 0.000241912115598 
1692.55875617 0.999510140132 0.000241875080974 
1692.5594372 0.999374045759 0.000241908521275 
1692.56011843 0.999232703739 0.000241943387664 
1692.56079956 0.999251111925 0.000241938381805 
1692.56148069 0.999444202962 0.000241890214966 
1692.56216182 0.99977255984 0.000241809277213 
1692.56284305 0.999627649276 0.00024184313952 
1692.56352418 0.999393216684 0.000241898582317 
1692.56420531 0.999348424627 0.000241908230237 
1692.56488654 0.999978856064 0.000241756773903 
1692.56556757 0.999532731286 0.000241865520366 
1692.5662487 1.00005171444 0.000241741014179 
1692.56692993 0.999886563053 0.000241782312514 
1692.56761106 0.999580071326 0.000241857618676 
1692.5682922 0.999717902876 0.000241825706325 
1692.56897333 0.99993655476 0.000241774352617 
1692.56965456 0.999883833905 0.000241788337007 
1692.57033569 0.999928602791 0.000241779198404 
1692.57101672 1.00027644798 0.000241696776357 
1692.57169795 0.999937338655 0.000241780158831 
1692.57237908 1.00019908611 0.000241718851612 
1692.57306021 1.0002570479 0.000241706511588 
1692.57374144 0.999986454458 0.000241773945163 
1692.57442257 1.00023240036 0.000241716537857 
1692.5751037 0.99963688318 0.000241862479015 
1692.57578493 1.00007246602 0.000241759116761 
1692.57646596 0.999939808227 0.000241793502937 
1692.57714709 0.999429614567 0.000241919231485 
1692.57782832 1.00008557163 0.000241762725636 
1692.57850945 0.999518235643 0.000241902438574 
1692.57919058 0.999760553727 0.000241846297286 
1692.57987181 0.999594572341 0.000241888890741 
1692.58055294 1.00001520414 0.000241789850406 
1692.58123417 0.999570819029 0.000241895439103 
1692.5819152 0.999792951411 0.000241839079536 
1692.58259633 0.999489122029 0.000241909569013 
1692.58327746 1.00033401216 0.000241702990024 
1692.58395869 0.999929886576 0.000241797970375 
1692.58463982 1.00040426003 0.000241680783802 
1692.58532095 1.00002821419 0.000241769230342 
1692.58600218 0.999737485254 0.000241837333306 
1692.58668331 1.00006681676 0.000241755260504 
1692.58736444 0.999808569405 0.000241815490881 
1692.58804557 1.00024422699 0.000241707937676 
1692.5887267 0.999871754293 0.000241796180489 
1692.58940783 0.99959248486 0.000241861445829 
1692.59008906 1.00037243689 0.000241671164986 
1692.59077019 0.999921744871 0.000241778019699 
1692.59145132 1.00025553001 0.000241695670411 
1692.59213255 1.00001216619 0.000241752743023 
1692.59281368 1.00040485414 0.000241656089202 
1692.59349471 0.99990759731 0.000241774963797 
1692.59417594 0.999924261133 0.000241769332206 
1692.59485707 1.00050584106 0.00024162720365 
1692.5955382 1.00023342304 0.000241691726842 
1692.59621933 0.999730982597 0.000241812012973 
1692.59690056 1.00019735475 0.000241698100581 
1692.59758169 0.999978598487 0.000241766596446 
1692.59826282 0.999895135177 0.000241802466917 
1692.59894395 0.999960984173 0.000241802612436 
1692.59962508 0.999672908938 0.000241887901211 
1692.60030621 1.00031408853 0.000241749032284 
1692.60098734 0.99970974142 0.000241911548073 
1692.60166857 1.0004194836 0.000241754823946 
1692.6023497 0.999987215623 0.000241873480263 
1692.60303093 0.999463829108 0.000242014328251 
1692.60371206 1.00010926688 0.000241872417973 
1692.60439309 0.999662205641 0.000241994886892 
1692.60507422 1.00032885902 0.000241848028963 
1692.60575545 1.00015575508 0.000241904213908 
1692.60643658 1.00007579067 0.000241938148974 
1692.60711781 0.999814906274 0.000242016161792 
1692.60779894 1.00000634925 0.000241984293098 
1692.60848007 0.999841205125 0.000242039051955 
1692.6091613 1.00016354257 0.000241975983954 
1692.60984243 1.00008357752 0.000242010180955 
1692.61052346 0.999873628608 0.000242075824644 
1692.61120469 0.999876239548 0.000242090260144 
1692.61188582 0.999985125623 0.000242079229793 
1692.61256695 1.0000439532 0.000242079913733 
1692.61324818 1.00022841144 0.000242050649831 
1692.61392931 0.999972757239 0.000242104099016 
1692.61461044 1.00011679195 0.000242060646997 
1692.61529167 0.999904201176 0.000242103706114 
1692.6159727 0.999791763514 0.000242122710915 
1692.61665383 0.999731146835 0.000242129244725 
1692.61733506 0.999926086919 0.000242073714617 
1692.61801619 0.999870731594 0.000242079186137 
1692.61869732 0.999816257529 0.000242084308411 
1692.61937845 1.00007885148 0.000242012814851 
1692.62005968 1.00032569851 0.000241945235757 
1692.62074081 0.99969500098 0.000242090289248 
1692.62142194 0.999762592989 0.000242066031205 
1692.62210307 1.0001586968 0.000241961242864 
1692.6227842 1.00023949872 0.000241932400968 
1692.62346533 1.00023771767 0.000241922884015 
1692.62414657 1.00004266908 0.000241960762651 
1692.62482769 0.9998950842 0.000241986752371 
1692.62550883 0.999793185668 0.000242002031882 
1692.62619006 1.00016294595 0.000241903253482 
1692.62687109 1.00002237039 0.000241927831667 
1692.62755222 0.999945929802 0.000241937188548 
1692.62823335 1.00010138044 0.000241890418692 
1692.62891458 1.00000912294 0.000241903588176 
1692.62959571 1.00017424706 0.000241854926571 
1692.63027684 1.00005738687 0.000241873029154 
1692.63095807 1.00034728252 0.00024179292086 
1692.6316392 0.999687593872 0.000241942630964 
1692.63232043 0.999994949418 0.000241858244408 
1692.63300146 1.0001978477 0.000241799338255 
1692.63368259 1.00008186317 0.000241817848291 
1692.63436372 1.00005197276 0.000241815141635 
1692.63504495 0.999991340207 0.000241820322117 
1692.63572608 0.99988416222 0.000241836663918 
1692.63640731 1.00027504247 0.000241732646828 
1692.63708844 0.999510921476 0.000241908070166 
1692.63776957 0.999906925506 0.000241803121753 
1692.6384506 0.999922710796 0.000241790010477 
1692.63913183 0.999826956868 0.000241803907556 
1692.63981296 1.00010185183 0.00024172810663 
1692.64049419 1.00011764019 0.000241715388256 
1692.64117532 1.00015187712 0.000241698158788 
1692.64185645 0.999858477209 0.000241760237259 
1692.64253768 1.00007540258 0.000241697896854 
1692.64321881 0.999950648924 0.000241717105382 
1692.64389984 1.0001166418 0.000241666246438 
1692.64458107 0.999702944513 0.000241755566094 
1692.6452622 1.00030987564 0.00024159833265 
1692.64594333 0.999872385266 0.000241693283897 
1692.64662446 1.00025096057 0.000241620102315 
1692.64730569 1.00007347775 0.000241681860643 
1692.64798682 1.00019468457 0.000241671295953 
1692.64866795 0.999866141495 0.00024176928855 
1692.64934918 0.999949554616 0.000241767789703 
1692.65003021 0.999430576906 0.000241912348429 
1692.65071134 1.00019634557 0.000241745772655 
1692.65139257 0.999843211231 0.000241850299062 
1692.6520737 0.999890612689 0.000241857705987 
1692.65275483 0.999972271143 0.000241857051151 
1692.65343596 0.999788690458 0.000241920570261 
1692.65411719 0.999363717217 0.000242042806349 
1692.65479832 0.999962537319 0.00024191722332 
1692.65547935 1.00021901959 0.000241874411586 
1692.65616058 0.999916816941 0.000241966918111 
1692.65684171 0.999958951868 0.0002419763332 
1692.65752284 0.999607657359 0.00024208110699 
1692.65820407 1.00021540914 0.000241953544901 
1692.6588852 1.00009239484 0.000242002875893 
1692.65956633 1.00039460243 0.000241949644987 
1692.66024756 0.999611073255 0.000242159338086 
1692.66092859 0.999786669607 0.000242136666202 
1692.66160972 0.999954391816 0.000242115973379 
1692.66229095 1.00037165985 0.000242035050178 
1692.66297208 0.999906915171 0.000242147783865 
1692.66365321 1.00005094017 0.000242112451815 
1692.66433444 1.00040761464 0.000242025314947 
1692.66501557 0.999837460853 0.000242162845097 
1692.6656968 1.00020284459 0.000242074005655 
1692.66637773 0.999934021965 0.000242138514295 
1692.66705896 0.999904135824 0.00024214584846 
1692.66774009 0.999629247173 0.000242212001467 
1692.66842132 1.00006570463 0.000242105874349 
1692.66910245 1.00031166955 0.000242046371568 
1692.66978368 1.00001910102 0.000242117399466 
1692.67046481 0.999853954501 0.000242157300818 
1692.67114594 1.00006209451 0.000242106980295 
1692.67182707 1.00017715017 0.000242079346208 
1692.6725082 0.999872325342 0.000242153153522 
1692.67318933 0.999844197487 0.000242160371272 
1692.67387046 0.999721228782 0.000242190508288 
1692.67455169 0.999910018634 0.000242145382799 
1692.67523282 0.999986408439 0.000242127265665 
1692.67591395 1.00005050625 0.000242112451815 
1692.67659518 1.00010670198 0.000242099515162 
1692.67727631 0.999932757852 0.000242142166826 
1692.67795734 0.999695618828 0.000242200432695 
1692.67863857 1.00032539007 0.000242049150984 
1692.6793197 1.00001437136 0.000242114052526 
1692.68000083 0.999906312416 0.000242129579419 
1692.68068196 1.00032795356 0.000242017398705 
1692.68136319 1.00007578732 0.00024206841772 
1692.68204432 0.999717426696 0.000242145033553 
1692.68272545 0.999974724313 0.000242072695983 
1692.68340659 1.00012315136 0.000242025780608 
1692.68408772 1.00022064263 0.000241990288487 
1692.68476885 1.0002961775 0.000241959904088 
1692.68544998 1.00008530515 0.000241999034188 
1692.68613121 1.00004926553 0.000241996065597 
1692.68681234 0.999751504771 0.000242056587012 
1692.68749357 1.0000184733 0.000241980291321 
1692.6881747 1.00027409116 0.000241906745941 
1692.68885573 1.00021344491 0.000241909787292 
1692.68953686 0.999865573855 0.000241982721491 
1692.69021809 0.999482706672 0.000242064124905 
1692.69089922 1.00011497913 0.00024189981923 
1692.69158045 0.999927858859 0.00024193371064 
1692.69226158 0.999984926001 0.000241908841417 
1692.69294271 0.999649427147 0.000241978792474 
1692.69362394 1.00007710894 0.000241864385316 
1692.69430507 0.999904048163 0.000241895293584 
1692.6949861 0.999983072487 0.000241865374846 
1692.69566733 1.00014994901 0.00024182292691 
1692.69634846 0.999610672321 0.000241951318458 
1692.69702959 0.999620306439 0.000241946865572 
1692.69771082 0.999957503756 0.000241863643168 
1692.69839195 1.00013491777 0.000241818663199 
1692.69907308 1.00002421055 0.000241843939875 
1692.69975431 0.99993108156 0.000241864676354 
1692.70043534 1.00034833971 0.000241762114456 
1692.70111647 1.00009968206 0.00024182072957 
1692.7017977 1.00041419383 0.000241743371589 
1692.70247883 0.99997314421 0.000241848654696 
1692.70315996 0.999879141701 0.000241869871388 
1692.70384119 0.999947624106 0.00024185104121 
1692.70452232 0.99967272335 0.00024191425473 
1692.70520345 1.00009075211 0.000241809801082 
1692.70588458 1.00003714407 0.0002418198128 
1692.70656571 1.00007840543 0.000241806948907 
1692.70724684 0.999677894862 0.000241900546825 
1692.70792797 1.00002389541 0.000241814021138 
1692.7086092 0.999809567575 0.000241862828261 
1692.70929033 0.999790223123 0.000241864909185 
1692.70997146 0.999838500046 0.000241850488237 
1692.71065269 1.00007650299 0.00024179025786 
1692.71133372 1.00045339778 0.000241696528974 
1692.71201485 1.00016342316 0.000241757850745 
1692.71269598 0.999738290399 0.000241852132604 
1692.71337721 0.999692604066 0.000241854810156 
1692.71405834 0.999252750239 0.000241952744545 
1692.71473947 1.0002590882 0.000241700763581 
1692.7154207 1.00009653721 0.000241731759161 
1692.71610183 1.00017118407 0.000241705449298 
1692.71678306 1.00023265784 0.000241682355409 
1692.71746409 1.00038375915 0.000241637681029 
1692.71814522 0.999695068401 0.000241796093178 
1692.71882635 0.999859262044 0.000241748479311 
1692.71950758 1.00034414535 0.000241623187321 
1692.72018871 1.0001007594 0.000241674293648 
1692.72086994 1.00009546438 0.000241667847149 
1692.72155107 0.999898686554 0.000241707646637 
1692.7222322 1.00020259244 0.000241626476054 
1692.72291323 0.999723875996 0.000241734553128 
1692.72359446 1.00007252769 0.000241642876063 
1692.72427559 0.999648311578 0.000241736852331 
1692.72495672 0.999747512699 0.000241703295615 
1692.72563795 0.999744853949 0.000241694637225 
1692.72631908 0.999972294383 0.000241630579694 
1692.72700031 1.00017782324 0.000241571469815 
1692.72768144 0.999974002411 0.000241611545789 
1692.72836247 1.0000266801 0.000241600137088 
1692.7290436 1.00016369398 0.000241568341153 
1692.72972483 1.00037365563 0.000241518922849 
1692.73040596 0.999617361166 0.000241703281063 
1692.73108709 1.00000901511 0.000241610323428 
1692.73176832 0.999745513159 0.000241675545112 
1692.73244945 1.00021013439 0.000241565037868 
1692.73313058 0.999661166318 0.000241699468461 
1692.73381171 0.999921084152 0.000241638379521 
1692.73449284 1.00020742568 0.000241571266088 
1692.73517397 0.999989544977 0.000241625923081 
1692.7358552 1.00008702304 0.000241604415351 
1692.73653633 0.999948214326 0.000241640082095 
1692.73721746 1.00013616833 0.000241596790147 
1692.73789869 0.999877024133 0.000241661662585 
1692.73857982 0.999901591315 0.000241658373852 
1692.73926095 0.999595972204 0.000241734363954 
1692.73994198 1.00033726439 0.000241557892878 
1692.74062321 0.999824232568 0.000241684407229 
1692.74130435 0.999832990362 0.000241684756475 
1692.74198548 1.0001509321 0.000241610570811 
1692.74266671 1.0002317329 0.000241594127147 
1692.74334784 1.00022819424 0.000241597590502 
1692.74402897 0.999849579177 0.000241692148848 
1692.7447102 1.00015961959 0.000241629997618 
1692.74539123 0.999843382796 0.000241718502366 
1692.74607236 0.999886392548 0.000241720044869 
1692.74675359 1.00014021945 0.000241670946707 
1692.74743472 1.00000755192 0.000241715242737 
1692.74811585 0.999885441117 0.000241757094045 
1692.74879708 1.00015771621 0.000241703601205 
1692.74947821 0.999967952725 0.000241761998041 
1692.75015944 1.00010408003 0.000241741392529 
1692.75084047 0.999910813564 0.000241800749791 
1692.7515216 0.999799252787 0.000241840258241 
1692.75220273 1.00012333308 0.000241774658207 
1692.75288396 0.999916010086 0.000241837609792 
1692.75356509 1.00006882029 0.000241813468165 
1692.75424632 0.999894882469 0.000241868314333 
1692.75492745 0.999906275682 0.000241878515226 
1692.75560858 0.999860581533 0.000241902598646 
1692.75628961 0.999670874414 0.000241961621214 
1692.75697084 1.00054316121 0.000241763933445 
1692.75765197 1.00027863983 0.000241841218667 
1692.7583331 1.00000101277 0.000241921501583 
1692.75901433 0.999429334639 0.000242073278059 
1692.75969546 0.999925427169 0.000241966525209 
1692.76037659 0.999868314808 0.000241994057433 
1692.76105782 0.999756758748 0.00024200855114 
1692.76173895 0.999780444728 0.00024199046311 
1692.76241998 0.999678557351 0.000242002992309 
1692.76310121 0.999912130584 0.00024193416175 
1692.76378234 0.999954264922 0.000241911766352 
1692.76446347 1.00007721373 0.000241870046011 
1692.7651447 0.99994806776 0.000241887915763 
1692.76582583 0.99999898723 0.000241861736868 
1692.76650696 0.999673142235 0.000241926609306 
1692.76718809 0.999703851044 0.00024190529075 
1692.76786922 1.00046982866 0.000241706104134 
1692.76855035 1.00006213375 0.000241790738073 
1692.76923148 1.00019212405 0.000241745845415 
1692.76991271 0.999760831794 0.000241836343776 
1692.77059384 0.999747635075 0.000241825982812 
1692.77127497 1.00007433386 0.000241733505391 
1692.7719562 0.999526318162 0.000241852438194 
1692.77263733 0.999792348087 0.000241774963797 
1692.77331836 0.999713290187 0.000241780624492 
1692.77399949 0.999981126565 0.000241702786298 
1692.77468072 0.999974075319 0.000241691057454 
1692.77536185 0.999388367177 0.000241819710936 
1692.77604308 1.00025250009 0.000241598085267 
1692.77672421 1.00002582551 0.00024163982016 
1692.77740534 1.00018655917 0.000241599744186 
1692.77808657 1.00013821669 0.00024161033798 
1692.7787677 1.00049052789 0.00024152424885 
1692.77944873 0.999893977908 0.000241667337832 
1692.78012996 1.00034460918 0.000241557878326 
1692.78081109 0.999980881772 0.000241644869675 
1692.78149222 0.999943967276 0.000241653295234 
1692.78217345 1.00013806974 0.00024160547764 
1692.78285458 1.00018724177 0.000241593064857 
1692.78353571 0.999905248594 0.000241660818574 
1692.78421694 1.00052899969 0.000241509653279 
1692.78489797 1.00023461006 0.000241580535658 
1692.7855791 1.00004307508 0.000241625326453 
1692.78626033 0.999794493043 0.000241683039349 
1692.78694146 0.99992708342 0.000241648827796 
1692.78762259 1.00009922102 0.000241605070187 
1692.78830382 0.999884876785 0.000241654663114 
1692.78898495 0.999977074398 0.000241630375967 
1692.78966608 0.99979524872 0.000241672241827 
1692.79034721 0.999958580272 0.000241630827077 
1692.79102834 1.0000376086 0.000241609930526 
1692.79170947 1.00001562434 0.000241613466642 
1692.7923906 0.999991005474 0.000241617613938 
1692.79307183 0.999788978881 0.000241664733039 
1692.79375296 1.00002082107 0.000241625253693 
1692.79443409 1.00017540421 0.000241604138864 
1692.79511532 0.999903075391 0.000241686313529 
1692.79579635 1.00021576792 0.000241627640207 
1692.79647748 1.00007869804 0.0002416769712 
1692.79715871 1.00031412196 0.000241636880673 
1692.79783984 0.999717677116 0.000241797577473 
1692.79852097 1.00015505126 0.000241708868998 
1692.7992021 1.00010846717 0.000241736968746 
1692.79988334 0.999953845307 0.000241791130975 
1692.80056446 1.00016639824 0.000241756832111 
1692.8012457 0.999943256369 0.000241828034632 
1692.80192673 0.999751777141 0.000241891189944 
1692.80260786 0.999920371326 0.000241867484874 
1692.80328899 1.00006966835 0.000241848814767 
1692.80397022 1.00016100445 0.000241844056291 
1692.80465135 0.999873749075 0.000241931018536 
1692.80533258 0.999967702285 0.000241925765295 
1692.80601371 1.00030150193 0.000241861504037 
1692.80669484 1.00054576671 0.000241817921051 
1692.80737587 1.00028388035 0.000241896865191 
1692.8080571 1.00047189725 0.000241867004661 
1692.80873823 0.999417891069 0.000242137859459 
1692.80941946 0.999699697762 0.000242085166974 
1692.81010059 0.999984218983 0.000242002046434 
1692.81078172 0.99984103319 0.00024202237546 
1692.81146295 1.00023628883 0.000241912552156 
1692.81214408 0.999664476061 0.000242036781856 
1692.81282511 1.00037506403 0.000241850808379 
1692.81350624 0.999819857744 0.000241971050855 
1692.81418747 1.00003940934 0.000241904068389 
1692.8148686 1.00014479847 0.000241864778218 
1692.81554983 1.00010787783 0.000241859597736 
1692.81623096 0.999501898651 0.000241992500378 
1692.81691209 0.999690646648 0.000241933143116 
1692.81759322 0.999610718651 0.000241938905674 
1692.81827435 1.00005858692 0.000241817251663 
1692.81895548 0.999759066681 0.000241876172367 
1692.81963661 1.00015604691 0.000241766669205 
1692.82031784 0.999697548579 0.000241864298005 
1692.82099897 0.999863498838 0.000241811037995 
1692.8216801 0.999765115478 0.000241821355303 
1692.82236133 0.999552598726 0.000241859830567 
1692.82304246 0.999852007958 0.000241774498136 
1692.82372359 0.999988997658 0.000241728252149 
1692.82440472 1.00008032636 0.000241693414864 
1692.82508585 1.00002232659 0.000241694666329 
1692.82576698 1.00007237127 0.000241669578827 
1692.82644811 1.00008464477 0.000241682326305 
1692.82712934 0.99997745613 0.000241722867941 
1692.82781047 0.999807924998 0.000241778572672 
1692.8284916 1.0004483116 0.000241638539592 
1692.82917283 1.0000397469 0.000241752131842 
1692.82985386 1.00031821432 0.000241699657636 
1692.83053499 0.999655909973 0.000241874600761 
1692.83121622 0.999843808788 0.000241844492848 
1692.83189735 0.99974893993 0.00024188264797 
1692.83257848 0.999962327572 0.000241845962591 
1692.83325971 1.00019333133 0.000241805420956 
1692.83394084 0.999790139839 0.000241918183747 
1692.83462207 1.00003515808 0.000241874411586 
1692.8353031 0.999815558247 0.000241943140281 
1692.83598423 0.999865592546 0.000241946239839 
1692.83666536 0.999742620723 0.000241991845542 
1692.83734659 1.00018879099 0.00024189951364 
1692.83802772 1.00010618774 0.000241935224039 
1692.83870895 0.999875154886 0.000242006790359 
1692.83939008 0.999716178426 0.00024206119997 
1692.84007121 1.00006570555 0.000241992631345 
1692.84075224 1.00004459898 0.000242013833486 
1692.84143347 0.999696786204 0.000242114168941 
1692.8421146 1.00008495722 0.000242036272539 
1692.84279573 0.999680053222 0.000242122943746 
1692.84347696 1.00040910526 0.000241935325903 
1692.84415809 1.00025092248 0.00024196220329 
1692.84483922 1.00022541916 0.000241957270191 
1692.84552045 0.999611466442 0.000242094742134 
1692.84620158 1.00002771242 0.000241982983425 
1692.84688261 1.00004701258 0.000241966714384 
1692.84756384 0.999490232455 0.000242089066887 
1692.84824497 0.999952099775 0.00024196463346 
