-0.1 1.00005650986 1.0 
-0.0993055555556 1.00009787539 1.0 
-0.0986111111111 0.999927685832 1.0 
-0.0979166666667 1.0000741739 1.0 
-0.0972222222222 0.999782100365 1.0 
-0.0965277777778 1.00027129283 1.0 
-0.0958333333333 0.999924814396 1.0 
-0.0951388888889 1.00006772676 1.0 
-0.0944444444444 1.00022747823 1.0 
-0.09375 1.00019430711 1.0 
-0.0930555555556 0.999864567867 1.0 
-0.0923611111111 1.00001705909 1.0 
-0.0916666666667 0.999954198941 1.0 
-0.0909722222222 1.00001274692 1.0 
-0.0902777777778 0.999833181972 1.0 
-0.0895833333333 1.0000822516 1.0 
-0.0888888888889 0.999939449115 1.0 
-0.0881944444444 1.00014428144 1.0 
-0.0875 1.00008743902 1.0 
-0.0868055555556 1.00003368369 1.0 
-0.0861111111111 0.999909964321 1.0 
-0.0854166666667 0.999925204564 1.0 
-0.0847222222222 1.00006382532 1.0 
-0.0840277777778 1.00001304102 1.0 
-0.0833333333333 0.999759412672 1.0 
-0.0826388888889 1.00001792782 1.0 
-0.0819444444444 0.999967642199 1.0 
-0.08125 1.00009903231 1.0 
-0.0805555555556 1.00004902156 1.0 
-0.0798611111111 1.00000577783 1.0 
-0.0791666666667 1.00001880245 1.0 
-0.0784722222222 1.00003135855 1.0 
-0.0777777777778 0.999947959279 1.0 
-0.0770833333333 1.00007122048 1.0 
-0.0763888888889 0.999794430491 1.0 
-0.0756944444444 0.999945837325 1.0 
-0.075 0.999908519798 1.0 
-0.0743055555556 0.999999449214 1.0 
-0.0736111111111 1.000222364 1.0 
-0.0729166666667 1.00003286443 1.0 
-0.0722222222222 1.00008804032 1.0 
-0.0715277777778 0.999894102939 1.0 
-0.0708333333333 0.999925310042 1.0 
-0.0701388888889 1.0000631562 1.0 
-0.0694444444444 0.999932051656 1.0 
-0.06875 0.99998779056 1.0 
-0.0680555555556 0.999846455438 1.0 
-0.0673611111111 1.00007031509 1.0 
-0.0666666666667 0.999931079062 1.0 
-0.0659722222222 0.999968204454 1.0 
-0.0652777777778 1.000186675 1.0 
-0.0645833333333 1.00007821893 1.0 
-0.0638888888889 1.00006230007 1.0 
-0.0631944444444 1.0001692616 1.0 
-0.0625 1.00018591274 1.0 
-0.0618055555556 1.00002551239 1.0 
-0.0611111111111 1.00001144876 1.0 
-0.0604166666667 0.999944046836 1.0 
-0.0597222222222 1.00003546574 1.0 
-0.0590277777778 1.00006592448 1.0 
-0.0583333333333 1.00009640927 1.0 
-0.0576388888889 1.00003821724 1.0 
-0.0569444444444 0.999936823476 1.0 
-0.05625 1.00018695089 1.0 
-0.0555555555556 1.0002242866 1.0 
-0.0548611111111 0.999928211454 1.0 
-0.0541666666667 1.00005517905 1.0 
-0.0534722222222 0.999851175322 1.0 
-0.0527777777778 0.999877694984 1.0 
-0.0520833333333 0.99999577374 1.0 
-0.0513888888889 0.999982965557 1.0 
-0.0506944444444 1.00016378948 1.0 
-0.05 0.999796009413 1.0 
-0.0493055555556 0.999923446837 1.0 
-0.0486111111111 0.999970637621 1.0 
-0.0479166666667 1.00019093205 1.0 
-0.0472222222222 1.00008029655 1.0 
-0.0465277777778 0.999860204574 1.0 
-0.0458333333333 0.999833456769 1.0 
-0.0451388888889 0.999917101287 1.0 
-0.0444444444444 0.999737169899 1.0 
-0.04375 0.999986732066 1.0 
-0.0430555555556 0.999992488355 1.0 
-0.0423611111111 0.999861484764 1.0 
-0.0416666666667 0.999890720755 1.0 
-0.0409722222222 0.999987446362 1.0 
-0.0402777777778 1.00001858824 1.0 
-0.0395833333333 1.00006096837 1.0 
-0.0388888888889 1.00007483422 1.0 
-0.0381944444444 0.999860514946 1.0 
-0.0375 1.00006672549 1.0 
-0.0368055555556 1.0000942055 1.0 
-0.0361111111111 1.00022383566 1.0 
-0.0354166666667 0.99993240087 1.0 
-0.0347222222222 1.00003732542 1.0 
-0.0340277777778 1.00008820371 1.0 
-0.0333333333333 0.999950325261 1.0 
-0.0326388888889 0.999987529966 1.0 
-0.0319444444444 1.00000029046 1.0 
-0.03125 1.00008057957 1.0 
-0.0305555555556 0.999983328064 1.0 
-0.0298611111111 0.999978482331 1.0 
-0.0291666666667 1.00018568729 1.0 
-0.0284722222222 0.99990248808 1.0 
-0.0277777777778 0.999856689117 1.0 
-0.0270833333333 0.99995592949 1.0 
-0.0263888888889 0.999966832095 1.0 
-0.0256944444444 0.999981461007 1.0 
-0.025 1.00001421176 1.0 
-0.0243055555556 0.999997298092 1.0 
-0.0236111111111 1.00021732983 1.0 
-0.0229166666667 0.999935461519 1.0 
-0.0222222222222 1.00000179105 1.0 
-0.0215277777778 0.999779765994 1.0 
-0.0208333333333 1.00006814595 1.0 
-0.0201388888889 1.00016033799 1.0 
-0.0194444444444 1.00008124179 1.0 
-0.01875 1.00003976361 1.0 
-0.0180555555556 0.999991122776 1.0 
-0.0173611111111 1.00010173441 1.0 
-0.0166666666667 1.00007859648 1.0 
-0.0159722222222 0.999774285068 1.0 
-0.0152777777778 0.999967640913 1.0 
-0.0145833333333 0.999955720715 1.0 
-0.0138888888889 1.00002135956 1.0 
-0.0131944444444 1.00000688229 1.0 
-0.0125 1.00002987129 1.0 
-0.0118055555556 1.00004913633 1.0 
-0.0111111111111 0.999977604744 1.0 
-0.0104166666667 1.00013223968 1.0 
-0.00972222222222 0.999795595261 1.0 
-0.00902777777778 0.999859776642 1.0 
-0.00833333333333 0.999998236078 1.0 
-0.00763888888889 0.999991990941 1.0 
-0.00694444444444 0.999911479513 1.0 
-0.00625 1.00001146064 1.0 
-0.00555555555556 1.00016812809 1.0 
-0.00486111111111 0.999883620544 1.0 
-0.00416666666667 0.999954565472 1.0 
-0.00347222222222 1.00001439939 1.0 
-0.00277777777778 0.999916840601 1.0 
-0.00208333333333 0.999958500934 1.0 
-0.00138888888889 1.0000276835 1.0 
-0.000694444444445 1.00005994981 1.0 
-3.33066907388e-16 1.00014946437 1.0 
0.000694444444444 0.999918400591 1.0 
0.00138888888889 0.999891102913 1.0 
0.00208333333333 0.999913178264 1.0 
0.00277777777778 0.999870041093 1.0 
0.00347222222222 1.00013541977 1.0 
0.00416666666667 0.999991123077 1.0 
0.00486111111111 1.00000711004 1.0 
0.00555555555556 0.999938383944 1.0 
0.00625 0.999895682568 1.0 
0.00694444444444 0.999930810365 1.0 
0.00763888888889 1.00013847332 1.0 
0.00833333333333 1.00008651862 1.0 
0.00902777777778 1.00010114698 1.0 
0.00972222222222 1.00010416386 1.0 
0.0104166666667 0.999968824868 1.0 
0.0111111111111 1.00002664454 1.0 
0.0118055555556 0.999891145533 1.0 
0.0125 0.999927012633 1.0 
0.0131944444444 1.00011885167 1.0 
0.0138888888889 0.999971416658 1.0 
0.0145833333333 1.00010038674 1.0 
0.0152777777778 1.00005825339 1.0 
0.0159722222222 1.00003880971 1.0 
0.0166666666667 0.999941928558 1.0 
0.0173611111111 0.999926483481 1.0 
0.0180555555556 0.999772390382 1.0 
0.01875 1.00015436363 1.0 
0.0194444444444 0.999750781814 1.0 
0.0201388888889 0.999949889229 1.0 
0.0208333333333 0.999940051893 1.0 
0.0215277777778 0.999853501101 1.0 
0.0222222222222 1.00005160296 1.0 
0.0229166666667 0.999815567052 1.0 
0.0236111111111 1.00011972239 1.0 
0.0243055555556 1.00002048297 1.0 
0.025 1.00002055755 1.0 
0.0256944444444 0.999927690935 1.0 
0.0263888888889 0.99993957763 1.0 
0.0270833333333 1.00025349051 1.0 
0.0277777777778 0.999918407228 1.0 
0.0284722222222 1.0000739527 1.0 
0.0291666666667 0.999792899797 1.0 
0.0298611111111 0.999929647793 1.0 
0.0305555555556 0.999976988797 1.0 
0.03125 0.999981632745 1.0 
0.0319444444444 1.00011454352 1.0 
0.0326388888889 0.999941296191 1.0 
0.0333333333333 0.999918025767 1.0 
0.0340277777778 1.00002755519 1.0 
0.0347222222222 0.999911634939 1.0 
0.0354166666667 1.00011172291 1.0 
0.0361111111111 0.999969949141 1.0 
0.0368055555556 1.00003272068 1.0 
0.0375 0.999757047083 1.0 
0.0381944444444 0.999948407606 1.0 
0.0388888888889 1.00002793728 1.0 
0.0395833333333 1.0001205655 1.0 
0.0402777777778 1.00002317697 1.0 
0.0409722222222 0.999940044849 1.0 
0.0416666666667 0.999859514886 1.0 
0.0423611111111 1.00000910238 1.0 
0.0430555555556 0.999951206435 1.0 
0.04375 0.999890990061 1.0 
0.0444444444444 1.00013355844 1.0 
0.0451388888889 1.00003524379 1.0 
0.0458333333333 0.999860054637 1.0 
0.0465277777778 1.00025022207 1.0 
0.0472222222222 0.999993023685 1.0 
0.0479166666667 0.99999575791 1.0 
0.0486111111111 0.99993137971 1.0 
0.0493055555556 1.0000345967 1.0 
0.05 1.00007507388 1.0 
0.0506944444444 1.00010786531 1.0 
0.0513888888889 1.00000972922 1.0 
0.0520833333333 0.999992795131 1.0 
0.0527777777778 0.999888620846 1.0 
0.0534722222222 1.00002977575 1.0 
0.0541666666667 0.999973225435 1.0 
0.0548611111111 1.00000733104 1.0 
0.0555555555556 0.999916228561 1.0 
0.05625 0.999851443414 1.0 
0.0569444444444 0.999949954002 1.0 
0.0576388888889 1.00014253852 1.0 
0.0583333333333 0.999931963684 1.0 
0.0590277777778 0.999991678915 1.0 
0.0597222222222 0.999965060017 1.0 
0.0604166666667 1.00006662496 1.0 
0.0611111111111 1.00005841765 1.0 
0.0618055555556 1.00025044783 1.0 
0.0625 0.999969902574 1.0 
0.0631944444444 0.999954797055 1.0 
0.0638888888889 0.999971009672 1.0 
0.0645833333333 0.999960663635 1.0 
0.0652777777778 1.00002100012 1.0 
0.0659722222222 1.00006139382 1.0 
0.0666666666667 1.00004091066 1.0 
0.0673611111111 1.0000576953 1.0 
0.0680555555556 1.0001587116 1.0 
0.06875 1.00017904136 1.0 
0.0694444444444 1.00003558061 1.0 
0.0701388888889 0.99989908336 1.0 
0.0708333333333 0.999954065502 1.0 
0.0715277777778 0.999957168719 1.0 
0.0722222222222 0.999929742604 1.0 
0.0729166666667 1.00021743106 1.0 
0.0736111111111 1.00017847698 1.0 
0.0743055555556 0.999848852281 1.0 
0.075 1.00011884334 1.0 
0.0756944444444 0.999915578371 1.0 
0.0763888888889 1.00011208198 1.0 
0.0770833333333 0.999929092949 1.0 
0.0777777777778 0.999879255852 1.0 
0.0784722222222 1.00005341507 1.0 
0.0791666666667 0.999980169173 1.0 
0.0798611111111 1.00012391735 1.0 
0.0805555555556 1.00001383234 1.0 
0.08125 1.00008481057 1.0 
0.0819444444444 1.00006573558 1.0 
0.0826388888889 0.999979984153 1.0 
0.0833333333333 1.00011563712 1.0 
0.0840277777778 1.00004471562 1.0 
0.0847222222222 1.00016064664 1.0 
0.0854166666667 0.999799148513 1.0 
0.0861111111111 1.00003044669 1.0 
0.0868055555556 0.999993819538 1.0 
0.0875 1.0000956904 1.0 
0.0881944444444 0.999978144522 1.0 
0.0888888888889 1.00012622247 1.0 
0.0895833333333 0.999890789867 1.0 
0.0902777777778 0.999999820345 1.0 
0.0909722222222 1.00006399306 1.0 
0.0916666666667 0.999778102693 1.0 
0.0923611111111 1.00004898964 1.0 
0.0930555555556 0.999998942187 1.0 
0.09375 1.00006250811 1.0 
0.0944444444444 0.99993145178 1.0 
0.0951388888889 0.99998365397 1.0 
0.0958333333333 1.00005224537 1.0 
0.0965277777778 1.00008999283 1.0 
0.0972222222222 0.999917987199 1.0 
0.0979166666667 0.99995335458 1.0 
0.0986111111111 0.999943386566 1.0 
0.0993055555556 1.00009121604 1.0 
0.1 1.00000422817 1.0 
0.100694444444 0.999858139787 1.0 
0.101388888889 0.999980075659 1.0 
0.102083333333 1.00000686183 1.0 
0.102777777778 0.999894540333 1.0 
0.103472222222 1.00015659581 1.0 
0.104166666667 1.00022502692 1.0 
0.104861111111 1.00020954881 1.0 
0.105555555556 0.999977163821 1.0 
0.10625 0.99994594293 1.0 
0.106944444444 1.0001055764 1.0 
0.107638888889 0.999900288356 1.0 
0.108333333333 1.00003477838 1.0 
0.109027777778 0.999943703279 1.0 
0.109722222222 0.999995729989 1.0 
0.110416666667 0.999957702777 1.0 
0.111111111111 0.999825773242 1.0 
0.111805555556 0.999789914006 1.0 
0.1125 1.00021292788 1.0 
0.113194444444 0.999883020293 1.0 
0.113888888889 0.999978277809 1.0 
0.114583333333 1.00012351266 1.0 
0.115277777778 0.999986130956 1.0 
0.115972222222 0.999964412987 1.0 
0.116666666667 0.999985814956 1.0 
0.117361111111 0.999856845914 1.0 
0.118055555556 0.99997760016 1.0 
0.11875 0.999748737654 1.0 
0.119444444444 1.00012407914 1.0 
0.120138888889 0.999913488576 1.0 
0.120833333333 0.999887339808 1.0 
0.121527777778 0.999894052657 1.0 
0.122222222222 0.999972610921 1.0 
0.122916666667 0.999960538284 1.0 
0.123611111111 0.999989546164 1.0 
0.124305555556 0.999938706294 1.0 
0.125 0.999909230636 1.0 
0.125694444444 1.00002693704 1.0 
0.126388888889 0.999913636171 1.0 
0.127083333333 0.999947413531 1.0 
0.127777777778 1.00001822872 1.0 
0.128472222222 0.999866651794 1.0 
0.129166666667 1.00001040046 1.0 
0.129861111111 0.99983566978 1.0 
0.130555555556 0.99989815785 1.0 
0.13125 1.00022012594 1.0 
0.131944444444 0.999971297528 1.0 
0.132638888889 1.00010087239 1.0 
0.133333333333 1.00010964078 1.0 
0.134027777778 1.00010713834 1.0 
0.134722222222 1.0000239555 1.0 
0.135416666667 0.999973936847 1.0 
0.136111111111 1.0000040977 1.0 
0.136805555556 1.00019039968 1.0 
0.1375 0.999977897123 1.0 
0.138194444444 0.999994607268 1.0 
0.138888888889 0.999893088339 1.0 
0.139583333333 0.999992278189 1.0 
0.140277777778 0.999902832529 1.0 
0.140972222222 1.00020642161 1.0 
0.141666666667 1.00009001025 1.0 
0.142361111111 0.999888430029 1.0 
0.143055555556 1.00008509348 1.0 
0.14375 0.999867770904 1.0 
0.144444444444 0.999783600078 1.0 
0.145138888889 1.00001401274 1.0 
0.145833333333 0.999904627587 1.0 
0.146527777778 1.00010126253 1.0 
0.147222222222 1.00018750319 1.0 
0.147916666667 1.00006484157 1.0 
0.148611111111 0.999969611047 1.0 
0.149305555556 1.00008118135 1.0 
0.15 0.999996960354 1.0 
0.150694444444 1.00007181103 1.0 
0.151388888889 1.00004960548 1.0 
0.152083333333 0.999962010515 1.0 
0.152777777778 0.999811646613 1.0 
0.153472222222 0.999952773333 1.0 
0.154166666667 0.999994149125 1.0 
0.154861111111 0.99997647747 1.0 
0.155555555556 1.00006793058 1.0 
0.15625 0.99990998239 1.0 
0.156944444444 1.00005135696 1.0 
0.157638888889 1.00019244216 1.0 
0.158333333333 1.00006576872 1.0 
0.159027777778 0.999752243718 1.0 
0.159722222222 1.00000092718 1.0 
0.160416666667 1.00021053991 1.0 
0.161111111111 1.00009394133 1.0 
0.161805555556 0.999922519781 1.0 
0.1625 1.0000346376 1.0 
0.163194444444 1.00006017092 1.0 
0.163888888889 0.999986824737 1.0 
0.164583333333 0.999869695549 1.0 
0.165277777778 0.999908888512 1.0 
0.165972222222 0.999986123811 1.0 
0.166666666667 0.999920537035 1.0 
0.167361111111 1.00002248766 1.0 
0.168055555556 1.00008881692 1.0 
0.16875 0.999923200482 1.0 
0.169444444444 1.00020342348 1.0 
0.170138888889 0.99999452267 1.0 
0.170833333333 1.00005550903 1.0 
0.171527777778 1.00007798131 1.0 
0.172222222222 1.00009189751 1.0 
0.172916666667 1.00021130034 1.0 
0.173611111111 1.00013391993 1.0 
0.174305555556 0.999921882632 1.0 
0.175 0.999859451019 1.0 
0.175694444444 1.00005637934 1.0 
0.176388888889 1.00000429278 1.0 
0.177083333333 0.999973880739 1.0 
0.177777777778 0.999964556031 1.0 
0.178472222222 0.999967179401 1.0 
0.179166666667 0.999942220163 1.0 
0.179861111111 1.00008312256 1.0 
0.180555555556 1.00006040049 1.0 
0.18125 0.999972940932 1.0 
0.181944444444 0.999980365138 1.0 
0.182638888889 1.00002149416 1.0 
0.183333333333 1.0000520718 1.0 
0.184027777778 1.00003831603 1.0 
0.184722222222 0.999942520597 1.0 
0.185416666667 1.0000214074 1.0 
0.186111111111 0.999905958589 1.0 
0.186805555556 0.999945531863 1.0 
0.1875 1.00011095518 1.0 
0.188194444444 0.999817861297 1.0 
0.188888888889 0.999965092671 1.0 
0.189583333333 1.00002449268 1.0 
0.190277777778 0.999902750428 1.0 
0.190972222222 0.999897424581 1.0 
0.191666666667 0.999947761426 1.0 
0.192361111111 1.00000033513 1.0 
0.193055555556 1.00007710654 1.0 
0.19375 1.00006036026 1.0 
0.194444444444 1.00009222721 1.0 
0.195138888889 1.00026229129 1.0 
0.195833333333 1.00011652445 1.0 
0.196527777778 0.999952255236 1.0 
0.197222222222 0.999949694879 1.0 
0.197916666667 1.00007328915 1.0 
0.198611111111 0.999875117391 1.0 
0.199305555556 0.999986631518 1.0 
0.2 1.00005995883 1.0 
0.200694444444 1.00012572292 1.0 
0.201388888889 0.999977819962 1.0 
0.202083333333 1.00015561518 1.0 
0.202777777778 0.99997343141 1.0 
0.203472222222 0.999917932948 1.0 
0.204166666667 1.00001724715 1.0 
0.204861111111 0.999975157776 1.0 
0.205555555556 0.999979038836 1.0 
0.20625 1.00015539594 1.0 
0.206944444444 0.999887755218 1.0 
0.207638888889 0.999878874448 1.0 
0.208333333333 1.00012758385 1.0 
0.209027777778 0.999846128612 1.0 
0.209722222222 0.999966907945 1.0 
0.210416666667 0.999744871345 1.0 
0.211111111111 1.00014711695 1.0 
0.211805555556 0.999970387474 1.0 
0.2125 1.0001112666 1.0 
0.213194444444 0.999981934765 1.0 
0.213888888889 0.999944425939 1.0 
0.214583333333 0.999885965538 1.0 
0.215277777778 1.00002542293 1.0 
0.215972222222 0.9999760159 1.0 
0.216666666667 0.999940717888 1.0 
0.217361111111 0.999801185426 1.0 
0.218055555556 0.999825931099 1.0 
0.21875 0.999824248716 1.0 
0.219444444444 0.999688212843 1.0 
0.220138888889 0.999599531886 1.0 
0.220833333333 0.999631231094 1.0 
0.221527777778 0.999549117121 1.0 
0.222222222222 0.999414456661 1.0 
0.222916666667 0.999436512464 1.0 
0.223611111111 0.999340119905 1.0 
0.224305555556 0.999194519214 1.0 
0.225 0.999299222147 1.0 
0.225694444444 0.999098183334 1.0 
0.226388888889 0.999102948736 1.0 
0.227083333333 0.999033896828 1.0 
0.227777777778 0.998851244044 1.0 
0.228472222222 0.998785097918 1.0 
0.229166666667 0.998998325251 1.0 
0.229861111111 0.998655178384 1.0 
0.230555555556 0.998601862682 1.0 
0.23125 0.998721428603 1.0 
0.231944444444 0.99855414728 1.0 
0.232638888889 0.998436510638 1.0 
0.233333333333 0.998147511155 1.0 
0.234027777778 0.9982365379 1.0 
0.234722222222 0.998045608379 1.0 
0.235416666667 0.998011548736 1.0 
0.236111111111 0.997908890619 1.0 
0.236805555556 0.997772276713 1.0 
0.2375 0.997674047705 1.0 
0.238194444444 0.997331300475 1.0 
0.238888888889 0.997496088835 1.0 
0.239583333333 0.997331983266 1.0 
0.240277777778 0.997205784496 1.0 
0.240972222222 0.997151665746 1.0 
0.241666666667 0.996924706654 1.0 
0.242361111111 0.996852270401 1.0 
0.243055555556 0.996779574108 1.0 
0.24375 0.996820512882 1.0 
0.244444444444 0.99646247147 1.0 
0.245138888889 0.996453233729 1.0 
0.245833333333 0.996307969386 1.0 
0.246527777778 0.996262672039 1.0 
0.247222222222 0.996082751219 1.0 
0.247916666667 0.995974113073 1.0 
0.248611111111 0.995987937089 1.0 
0.249305555556 0.995787283868 1.0 
0.25 0.995688023032 1.0 
0.250694444444 0.995466630357 1.0 
0.251388888889 0.995486174769 1.0 
0.252083333333 0.995300790908 1.0 
0.252777777778 0.995211856048 1.0 
0.253472222222 0.99508578018 1.0 
0.254166666667 0.994982076757 1.0 
0.254861111111 0.994793362402 1.0 
0.255555555556 0.994582850964 1.0 
0.25625 0.99452401957 1.0 
0.256944444444 0.994624002401 1.0 
0.257638888889 0.994308055205 1.0 
0.258333333333 0.99417639713 1.0 
0.259027777778 0.994244164275 1.0 
0.259722222222 0.994026764023 1.0 
0.260416666667 0.993932728625 1.0 
0.261111111111 0.993726587672 1.0 
0.261805555556 0.993684453512 1.0 
0.2625 0.993606046851 1.0 
0.263194444444 0.993342599335 1.0 
0.263888888889 0.993475601451 1.0 
0.264583333333 0.993230687693 1.0 
0.265277777778 0.993004091052 1.0 
0.265972222222 0.993052043142 1.0 
0.266666666667 0.992923391523 1.0 
0.267361111111 0.992924245968 1.0 
0.268055555556 0.992914929689 1.0 
0.26875 0.992712206787 1.0 
0.269444444444 0.992604882132 1.0 
0.270138888889 0.992407653283 1.0 
0.270833333333 0.992338310448 1.0 
0.271527777778 0.99243023653 1.0 
0.272222222222 0.992170688494 1.0 
0.272916666667 0.992120293476 1.0 
0.273611111111 0.992084955708 1.0 
0.274305555556 0.991931514041 1.0 
0.275 0.991782691503 1.0 
0.275694444444 0.991537794548 1.0 
0.276388888889 0.991616966451 1.0 
0.277083333333 0.991686758935 1.0 
0.277777777778 0.991441792612 1.0 
0.278472222222 0.991538817952 1.0 
0.279166666667 0.991460548959 1.0 
0.279861111111 0.991424088177 1.0 
0.280555555556 0.991355715235 1.0 
0.28125 0.991234390498 1.0 
0.281944444444 0.991198958751 1.0 
0.282638888889 0.991182723088 1.0 
0.283333333333 0.991165091625 1.0 
0.284027777778 0.991120713488 1.0 
0.284722222222 0.991224917405 1.0 
0.285416666667 0.991154315579 1.0 
0.286111111111 0.991196104982 1.0 
0.286805555556 0.991054450114 1.0 
0.2875 0.991057311361 1.0 
0.288194444444 0.990986117223 1.0 
0.288888888889 0.991014253976 1.0 
0.289583333333 0.990892315829 1.0 
0.290277777778 0.99086129246 1.0 
0.290972222222 0.990806134717 1.0 
0.291666666667 0.990964762794 1.0 
0.292361111111 0.991058432708 1.0 
0.293055555556 0.990765695527 1.0 
0.29375 0.990945336791 1.0 
0.294444444444 0.990852086187 1.0 
0.295138888889 0.990755052311 1.0 
0.295833333333 0.990830762942 1.0 
0.296527777778 0.990700795932 1.0 
0.297222222222 0.990781671093 1.0 
0.297916666667 0.990581940137 1.0 
0.298611111111 0.990693037593 1.0 
0.299305555556 0.990539791854 1.0 
0.3 0.990653027854 1.0 
0.300694444444 0.990431390514 1.0 
0.301388888889 0.990579046408 1.0 
0.302083333333 0.990623778482 1.0 
0.302777777778 0.990503390161 1.0 
0.303472222222 0.990610288156 1.0 
0.304166666667 0.990466510207 1.0 
0.304861111111 0.990600949314 1.0 
0.305555555556 0.990381599311 1.0 
0.30625 0.990492358808 1.0 
0.306944444444 0.990374191526 1.0 
0.307638888889 0.990231480371 1.0 
0.308333333333 0.990261706677 1.0 
0.309027777778 0.990330684421 1.0 
0.309722222222 0.99020040584 1.0 
0.310416666667 0.990452187749 1.0 
0.311111111111 0.990251379756 1.0 
0.311805555556 0.990278879478 1.0 
0.3125 0.990252017134 1.0 
0.313194444444 0.990357099808 1.0 
0.313888888889 0.990493968936 1.0 
0.314583333333 0.99014249461 1.0 
0.315277777778 0.990285375322 1.0 
0.315972222222 0.99024033459 1.0 
0.316666666667 0.990215396631 1.0 
0.317361111111 0.990100766124 1.0 
0.318055555556 0.990227226098 1.0 
0.31875 0.990143765483 1.0 
0.319444444444 0.990127640138 1.0 
0.320138888889 0.990009632785 1.0 
0.320833333333 0.990016064866 1.0 
0.321527777778 0.990104555713 1.0 
0.322222222222 0.990117997538 1.0 
0.322916666667 0.989952406502 1.0 
0.323611111111 0.990039811987 1.0 
0.324305555556 0.989866131783 1.0 
0.325 0.989875255862 1.0 
0.325694444444 0.990153851597 1.0 
0.326388888889 0.989908123375 1.0 
0.327083333333 0.989938085272 1.0 
0.327777777778 0.990139196833 1.0 
0.328472222222 0.989795406971 1.0 
0.329166666667 0.989827631468 1.0 
0.329861111111 0.989936774082 1.0 
0.330555555556 0.989884976253 1.0 
0.33125 0.989879734925 1.0 
0.331944444444 0.989958200042 1.0 
0.332638888889 0.989875870952 1.0 
0.333333333333 0.989788825114 1.0 
0.334027777778 0.989837239406 1.0 
0.334722222222 0.989997936046 1.0 
0.335416666667 0.989918764244 1.0 
0.336111111111 0.989669738104 1.0 
0.336805555556 0.989919379061 1.0 
0.3375 0.98991791508 1.0 
0.338194444444 0.989914076514 1.0 
0.338888888889 0.98986543444 1.0 
0.339583333333 0.989723115956 1.0 
0.340277777778 0.989857857748 1.0 
0.340972222222 0.989678751832 1.0 
0.341666666667 0.989805583952 1.0 
0.342361111111 0.989844825085 1.0 
0.343055555556 0.989815239474 1.0 
0.34375 0.989673650669 1.0 
0.344444444444 0.989785032697 1.0 
0.345138888889 0.989673164009 1.0 
0.345833333333 0.989602012494 1.0 
0.346527777778 0.989681387199 1.0 
0.347222222222 0.98983326382 1.0 
0.347916666667 0.989696652206 1.0 
0.348611111111 0.989808568231 1.0 
0.349305555556 0.989750345902 1.0 
0.35 0.989582344128 1.0 
0.350694444444 0.98959370682 1.0 
0.351388888889 0.989592781398 1.0 
0.352083333333 0.989617590349 1.0 
0.352777777778 0.989614641896 1.0 
0.353472222222 0.989604266949 1.0 
0.354166666667 0.989747085939 1.0 
0.354861111111 0.989579310316 1.0 
0.355555555556 0.989539629593 1.0 
0.35625 0.989679574403 1.0 
0.356944444444 0.989517465771 1.0 
0.357638888889 0.989341675783 1.0 
0.358333333333 0.989394640836 1.0 
0.359027777778 0.98946167644 1.0 
0.359722222222 0.989531508426 1.0 
0.360416666667 0.98943010679 1.0 
0.361111111111 0.989487272757 1.0 
0.361805555556 0.989566858804 1.0 
0.3625 0.989570334524 1.0 
0.363194444444 0.989563776979 1.0 
0.363888888889 0.989355647603 1.0 
0.364583333333 0.989392579537 1.0 
0.365277777778 0.989502353774 1.0 
0.365972222222 0.989408937004 1.0 
0.366666666667 0.989556576291 1.0 
0.367361111111 0.989492531699 1.0 
0.368055555556 0.989185931991 1.0 
0.36875 0.989565885977 1.0 
0.369444444444 0.989493202934 1.0 
0.370138888889 0.989321571412 1.0 
0.370833333333 0.989421734675 1.0 
0.371527777778 0.989426952536 1.0 
0.372222222222 0.989336539942 1.0 
0.372916666667 0.989518205247 1.0 
0.373611111111 0.989282212173 1.0 
0.374305555556 0.989359309212 1.0 
0.375 0.98937453595 1.0 
0.375694444444 0.989460064141 1.0 
0.376388888889 0.98929075329 1.0 
0.377083333333 0.989427735949 1.0 
0.377777777778 0.989187637993 1.0 
0.378472222222 0.989380543419 1.0 
0.379166666667 0.989334867893 1.0 
0.379861111111 0.989345663367 1.0 
0.380555555556 0.989287673175 1.0 
0.38125 0.989488057658 1.0 
0.381944444444 0.989299717572 1.0 
0.382638888889 0.989312296142 1.0 
0.383333333333 0.989429840691 1.0 
0.384027777778 0.989388162215 1.0 
0.384722222222 0.989149417637 1.0 
0.385416666667 0.989245916029 1.0 
0.386111111111 0.989204407521 1.0 
0.386805555556 0.989268799872 1.0 
0.3875 0.989236143919 1.0 
0.388194444444 0.989139571772 1.0 
0.388888888889 0.989559827255 1.0 
0.389583333333 0.98903032506 1.0 
0.390277777778 0.989366888695 1.0 
0.390972222222 0.989251757928 1.0 
0.391666666667 0.9893607213 1.0 
0.392361111111 0.989254633257 1.0 
0.393055555556 0.989217824263 1.0 
0.39375 0.989337815615 1.0 
0.394444444444 0.989338563326 1.0 
0.395138888889 0.989233169471 1.0 
0.395833333333 0.989130580863 1.0 
0.396527777778 0.989206827263 1.0 
0.397222222222 0.989318312009 1.0 
0.397916666667 0.98922454484 1.0 
0.398611111111 0.989096767441 1.0 
0.399305555556 0.98928511143 1.0 
0.4 0.989035343007 1.0 
0.400694444444 0.989147489277 1.0 
0.401388888889 0.989402310982 1.0 
0.402083333333 0.989301449508 1.0 
0.402777777778 0.989317672241 1.0 
0.403472222222 0.989176502895 1.0 
0.404166666667 0.989248254576 1.0 
0.404861111111 0.989139721236 1.0 
0.405555555556 0.988960735741 1.0 
0.40625 0.98912198856 1.0 
0.406944444444 0.989165588486 1.0 
0.407638888889 0.989176769483 1.0 
0.408333333333 0.98922465602 1.0 
0.409027777778 0.98908041706 1.0 
0.409722222222 0.989196566205 1.0 
0.410416666667 0.989088715495 1.0 
0.411111111111 0.98911278848 1.0 
0.411805555556 0.989008999025 1.0 
0.4125 0.98909254021 1.0 
0.413194444444 0.989107308356 1.0 
0.413888888889 0.9892160002 1.0 
0.414583333333 0.989150148303 1.0 
0.415277777778 0.988885968811 1.0 
0.415972222222 0.989155782688 1.0 
0.416666666667 0.989043832719 1.0 
0.417361111111 0.989050057419 1.0 
0.418055555556 0.988969722592 1.0 
0.41875 0.989078941542 1.0 
0.419444444444 0.98906581497 1.0 
0.420138888889 0.989024274449 1.0 
0.420833333333 0.989061426739 1.0 
0.421527777778 0.989259188713 1.0 
0.422222222222 0.98896131654 1.0 
0.422916666667 0.989044472095 1.0 
0.423611111111 0.988966198729 1.0 
0.424305555556 0.989257680815 1.0 
0.425 0.9890715316 1.0 
0.425694444444 0.988997311694 1.0 
0.426388888889 0.98918647939 1.0 
0.427083333333 0.989034550356 1.0 
0.427777777778 0.988829360372 1.0 
0.428472222222 0.988911888358 1.0 
0.429166666667 0.989097066552 1.0 
0.429861111111 0.989071143992 1.0 
0.430555555556 0.989041468827 1.0 
0.43125 0.989049476706 1.0 
0.431944444444 0.989017331461 1.0 
0.432638888889 0.989005505825 1.0 
0.433333333333 0.988930114003 1.0 
0.434027777778 0.988927977842 1.0 
0.434722222222 0.988910681863 1.0 
0.435416666667 0.989192829701 1.0 
0.436111111111 0.98916145407 1.0 
0.436805555556 0.988939823758 1.0 
0.4375 0.988791589197 1.0 
0.438194444444 0.988834286052 1.0 
0.438888888889 0.989119237514 1.0 
0.439583333333 0.989258938798 1.0 
0.440277777778 0.988957995009 1.0 
0.440972222222 0.988972758312 1.0 
0.441666666667 0.989158227476 1.0 
0.442361111111 0.989099847875 1.0 
0.443055555556 0.988842548161 1.0 
0.44375 0.988812196651 1.0 
0.444444444444 0.988867683176 1.0 
0.445138888889 0.989025450091 1.0 
0.445833333333 0.988909505025 1.0 
0.446527777778 0.98904508488 1.0 
0.447222222222 0.988891007582 1.0 
0.447916666667 0.989158303703 1.0 
0.448611111111 0.988999902342 1.0 
0.449305555556 0.988943047245 1.0 
0.45 0.988991811367 1.0 
0.450694444444 0.988746291246 1.0 
0.451388888889 0.988994366658 1.0 
0.452083333333 0.988924832354 1.0 
0.452777777778 0.988996732138 1.0 
0.453472222222 0.988919529789 1.0 
0.454166666667 0.988976338102 1.0 
0.454861111111 0.988919500708 1.0 
0.455555555556 0.988889736877 1.0 
0.45625 0.989078361481 1.0 
0.456944444444 0.988942101525 1.0 
0.457638888889 0.989022683388 1.0 
0.458333333333 0.988973022086 1.0 
0.459027777778 0.988851883953 1.0 
0.459722222222 0.988762755407 1.0 
0.460416666667 0.988804058659 1.0 
0.461111111111 0.988945222781 1.0 
0.461805555556 0.989016841022 1.0 
0.4625 0.988891480482 1.0 
0.463194444444 0.988907172431 1.0 
0.463888888889 0.98880269238 1.0 
0.464583333333 0.988914907966 1.0 
0.465277777778 0.989091747357 1.0 
0.465972222222 0.989024304061 1.0 
0.466666666667 0.988933319839 1.0 
0.467361111111 0.988812883724 1.0 
0.468055555556 0.988906822588 1.0 
0.46875 0.98898132735 1.0 
0.469444444444 0.98895091559 1.0 
0.470138888889 0.988837623693 1.0 
0.470833333333 0.98880970028 1.0 
0.471527777778 0.988943338035 1.0 
0.472222222222 0.989023653927 1.0 
0.472916666667 0.988742286019 1.0 
0.473611111111 0.988836915865 1.0 
0.474305555556 0.989003422864 1.0 
0.475 0.988849625477 1.0 
0.475694444444 0.988994839874 1.0 
0.476388888889 0.988962657801 1.0 
0.477083333333 0.988992489008 1.0 
0.477777777778 0.988949653717 1.0 
0.478472222222 0.988940082493 1.0 
0.479166666667 0.989101979934 1.0 
0.479861111111 0.989180850437 1.0 
0.480555555556 0.988931965601 1.0 
0.48125 0.988724846803 1.0 
0.481944444444 0.988724155588 1.0 
0.482638888889 0.988845393252 1.0 
0.483333333333 0.988909591791 1.0 
0.484027777778 0.988966939193 1.0 
0.484722222222 0.988970826686 1.0 
0.485416666667 0.98886679616 1.0 
0.486111111111 0.988905921111 1.0 
0.486805555556 0.988959789204 1.0 
0.4875 0.988824584031 1.0 
0.488194444444 0.988582510185 1.0 
0.488888888889 0.988878918127 1.0 
0.489583333333 0.98880402948 1.0 
0.490277777778 0.988949573127 1.0 
0.490972222222 0.988786983455 1.0 
0.491666666667 0.988963689356 1.0 
0.492361111111 0.988840234174 1.0 
0.493055555556 0.988935295623 1.0 
0.49375 0.988757497844 1.0 
0.494444444444 0.988850276633 1.0 
0.495138888889 0.988975787293 1.0 
0.495833333333 0.988744903145 1.0 
0.496527777778 0.988996033972 1.0 
0.497222222222 0.988751991104 1.0 
0.497916666667 0.98882473433 1.0 
0.498611111111 0.988862479636 1.0 
0.499305555556 0.988768304354 1.0 
0.5 0.988841799278 1.0 
0.500694444444 0.988806046735 1.0 
0.501388888889 0.98879206158 1.0 
0.502083333333 0.989083661408 1.0 
0.502777777778 0.989086698724 1.0 
0.503472222222 0.988910085816 1.0 
0.504166666667 0.988819019788 1.0 
0.504861111111 0.988668924016 1.0 
0.505555555556 0.988864133407 1.0 
0.50625 0.988644715539 1.0 
0.506944444444 0.988910396042 1.0 
0.507638888889 0.989024057861 1.0 
0.508333333333 0.988887885565 1.0 
0.509027777778 0.988946571288 1.0 
0.509722222222 0.988880056512 1.0 
0.510416666667 0.988793965829 1.0 
0.511111111111 0.988908176407 1.0 
0.511805555556 0.98894833256 1.0 
0.5125 0.988945320956 1.0 
0.513194444444 0.988762757294 1.0 
0.513888888889 0.988895761787 1.0 
0.514583333333 0.988765058078 1.0 
0.515277777778 0.988934871565 1.0 
0.515972222222 0.988769149279 1.0 
0.516666666667 0.988889391924 1.0 
0.517361111111 0.988794044967 1.0 
0.518055555556 0.988853157746 1.0 
0.51875 0.988983623689 1.0 
0.519444444444 0.98874952971 1.0 
0.520138888889 0.988886824764 1.0 
0.520833333333 0.989033905698 1.0 
0.521527777778 0.988986767201 1.0 
0.522222222222 0.988699361104 1.0 
0.522916666667 0.988779017333 1.0 
0.523611111111 0.988762890614 1.0 
0.524305555556 0.989052089932 1.0 
0.525 0.988986967285 1.0 
0.525694444444 0.988822621416 1.0 
0.526388888889 0.988855639023 1.0 
0.527083333333 0.988736379835 1.0 
0.527777777778 0.98890607459 1.0 
0.528472222222 0.988902990765 1.0 
0.529166666667 0.98913442971 1.0 
0.529861111111 0.988964581909 1.0 
0.530555555556 0.988927957535 1.0 
0.53125 0.988933403967 1.0 
0.531944444444 0.988884098894 1.0 
0.532638888889 0.989010451093 1.0 
0.533333333333 0.989065827897 1.0 
0.534027777778 0.988825285908 1.0 
0.534722222222 0.988812371748 1.0 
0.535416666667 0.988997821337 1.0 
0.536111111111 0.988916885191 1.0 
0.536805555556 0.988961008291 1.0 
0.5375 0.9888288408 1.0 
0.538194444444 0.988925982455 1.0 
0.538888888889 0.988910331238 1.0 
0.539583333333 0.988726640495 1.0 
0.540277777778 0.988894785829 1.0 
0.540972222222 0.988928668963 1.0 
0.541666666667 0.988835103896 1.0 
0.542361111111 0.988915659568 1.0 
0.543055555556 0.989094546673 1.0 
0.54375 0.989081676012 1.0 
0.544444444444 0.988939161538 1.0 
0.545138888889 0.988848754645 1.0 
0.545833333333 0.988946364311 1.0 
0.546527777778 0.988974308655 1.0 
0.547222222222 0.988904374069 1.0 
0.547916666667 0.988758120806 1.0 
0.548611111111 0.989127475415 1.0 
0.549305555556 0.98907834516 1.0 
0.55 0.988950697254 1.0 
0.550694444444 0.989074640537 1.0 
0.551388888889 0.988734535372 1.0 
0.552083333333 0.988877249838 1.0 
0.552777777778 0.989037505421 1.0 
0.553472222222 0.989005938034 1.0 
0.554166666667 0.988978086083 1.0 
0.554861111111 0.98908114175 1.0 
0.555555555556 0.988835406327 1.0 
0.55625 0.989010936852 1.0 
0.556944444444 0.98890691595 1.0 
0.557638888889 0.988819092635 1.0 
0.558333333333 0.988955773198 1.0 
0.559027777778 0.989041245927 1.0 
0.559722222222 0.989043352666 1.0 
0.560416666667 0.989111058507 1.0 
0.561111111111 0.988877500524 1.0 
0.561805555556 0.989026695307 1.0 
0.5625 0.988919816688 1.0 
0.563194444444 0.988948873677 1.0 
0.563888888889 0.989059502763 1.0 
0.564583333333 0.989121186891 1.0 
0.565277777778 0.988768102696 1.0 
0.565972222222 0.989057942913 1.0 
0.566666666667 0.98908554871 1.0 
0.567361111111 0.988833039413 1.0 
0.568055555556 0.988984627748 1.0 
0.56875 0.989275185503 1.0 
0.569444444444 0.988891446382 1.0 
0.570138888889 0.989151851854 1.0 
0.570833333333 0.988979748442 1.0 
0.571527777778 0.988992381137 1.0 
0.572222222222 0.98908056806 1.0 
0.572916666667 0.989014061872 1.0 
0.573611111111 0.989063227133 1.0 
0.574305555556 0.989013804853 1.0 
0.575 0.988811774145 1.0 
0.575694444444 0.988871911086 1.0 
0.576388888889 0.98900844594 1.0 
0.577083333333 0.989207835959 1.0 
0.577777777778 0.989003803217 1.0 
0.578472222222 0.989185961568 1.0 
0.579166666667 0.988912338509 1.0 
0.579861111111 0.989207275715 1.0 
0.580555555556 0.989001731636 1.0 
0.58125 0.989097129674 1.0 
0.581944444444 0.989247660724 1.0 
0.582638888889 0.989087938134 1.0 
0.583333333333 0.989033461336 1.0 
0.584027777778 0.988852719697 1.0 
0.584722222222 0.98910862486 1.0 
0.585416666667 0.989356682001 1.0 
0.586111111111 0.988951293256 1.0 
0.586805555556 0.988988211622 1.0 
0.5875 0.989079018548 1.0 
0.588194444444 0.989206832222 1.0 
0.588888888889 0.989089163426 1.0 
0.589583333333 0.989037091019 1.0 
0.590277777778 0.989314277702 1.0 
0.590972222222 0.989055777129 1.0 
0.591666666667 0.989145780234 1.0 
0.592361111111 0.989256278767 1.0 
0.593055555556 0.989109649371 1.0 
0.59375 0.989072806606 1.0 
0.594444444444 0.989080178903 1.0 
0.595138888889 0.989177506761 1.0 
0.595833333333 0.989166959862 1.0 
0.596527777778 0.989172408466 1.0 
0.597222222222 0.989094910912 1.0 
0.597916666667 0.98914022166 1.0 
0.598611111111 0.988976426525 1.0 
0.599305555556 0.989111424666 1.0 
0.6 0.989207884282 1.0 
0.600694444444 0.989198551165 1.0 
0.601388888889 0.989113827176 1.0 
0.602083333333 0.989044469656 1.0 
0.602777777778 0.989291711217 1.0 
0.603472222222 0.989160344687 1.0 
0.604166666667 0.989071363433 1.0 
0.604861111111 0.989069242638 1.0 
0.605555555556 0.989098658002 1.0 
0.60625 0.989235814891 1.0 
0.606944444444 0.989268450554 1.0 
0.607638888889 0.989214959201 1.0 
0.608333333333 0.989340382939 1.0 
0.609027777778 0.989193600883 1.0 
0.609722222222 0.989117675889 1.0 
0.610416666667 0.989275072175 1.0 
0.611111111111 0.989222715714 1.0 
0.611805555556 0.98920518136 1.0 
0.6125 0.989327964434 1.0 
0.613194444444 0.989240801255 1.0 
0.613888888889 0.989311364579 1.0 
0.614583333333 0.989468655535 1.0 
0.615277777778 0.989322173004 1.0 
0.615972222222 0.989286712385 1.0 
0.616666666667 0.989211165633 1.0 
0.617361111111 0.989267938324 1.0 
0.618055555556 0.989200817203 1.0 
0.61875 0.989507711832 1.0 
0.619444444444 0.989264766701 1.0 
0.620138888889 0.989429170273 1.0 
0.620833333333 0.98940278526 1.0 
0.621527777778 0.989454730076 1.0 
0.622222222222 0.989293054897 1.0 
0.622916666667 0.989308321549 1.0 
0.623611111111 0.989438228445 1.0 
0.624305555556 0.989405143602 1.0 
0.625 0.989434315285 1.0 
0.625694444444 0.98937274493 1.0 
0.626388888889 0.989277635276 1.0 
0.627083333333 0.989345866385 1.0 
0.627777777778 0.989304708107 1.0 
0.628472222222 0.989519398171 1.0 
0.629166666667 0.989451964511 1.0 
0.629861111111 0.989315732149 1.0 
0.630555555556 0.98942643254 1.0 
0.63125 0.989406875489 1.0 
0.631944444444 0.989451042191 1.0 
0.632638888889 0.98935990901 1.0 
0.633333333333 0.989538177046 1.0 
0.634027777778 0.989613051967 1.0 
0.634722222222 0.989283217895 1.0 
0.635416666667 0.989535565883 1.0 
0.636111111111 0.989536445018 1.0 
0.636805555556 0.989568389771 1.0 
0.6375 0.989541272529 1.0 
0.638194444444 0.98944103172 1.0 
0.638888888889 0.989513419232 1.0 
0.639583333333 0.989580130253 1.0 
0.640277777778 0.98945403139 1.0 
0.640972222222 0.989312558413 1.0 
0.641666666667 0.989470351338 1.0 
0.642361111111 0.989447335681 1.0 
0.643055555556 0.989655175822 1.0 
0.64375 0.989734544066 1.0 
0.644444444444 0.989512903981 1.0 
0.645138888889 0.989608756913 1.0 
0.645833333333 0.98950464134 1.0 
0.646527777778 0.989550201236 1.0 
0.647222222222 0.989488508007 1.0 
0.647916666667 0.989570183001 1.0 
0.648611111111 0.98963355127 1.0 
0.649305555556 0.989607555171 1.0 
0.65 0.98966491543 1.0 
0.650694444444 0.989596388863 1.0 
0.651388888889 0.989695551693 1.0 
0.652083333333 0.989710103952 1.0 
0.652777777778 0.989736439646 1.0 
0.653472222222 0.989459877342 1.0 
0.654166666667 0.989605316954 1.0 
0.654861111111 0.989689403981 1.0 
0.655555555556 0.98991508255 1.0 
0.65625 0.989840638257 1.0 
0.656944444444 0.989568397279 1.0 
0.657638888889 0.989691589654 1.0 
0.658333333333 0.989791053653 1.0 
0.659027777778 0.989765008818 1.0 
0.659722222222 0.989723866881 1.0 
0.660416666667 0.989833234722 1.0 
0.661111111111 0.989798102058 1.0 
0.661805555556 0.989730728607 1.0 
0.6625 0.989667121716 1.0 
0.663194444444 0.989635188256 1.0 
0.663888888889 0.989743899137 1.0 
0.664583333333 0.989793675916 1.0 
0.665277777778 0.989940668565 1.0 
0.665972222222 0.989761235852 1.0 
0.666666666667 0.990004361912 1.0 
0.667361111111 0.989974272529 1.0 
0.668055555556 0.989910044322 1.0 
0.66875 0.990045536142 1.0 
0.669444444444 0.989931341441 1.0 
0.670138888889 0.989777038525 1.0 
0.670833333333 0.989980164498 1.0 
0.671527777778 0.990072886184 1.0 
0.672222222222 0.989959927665 1.0 
0.672916666667 0.989966391686 1.0 
0.673611111111 0.990095418847 1.0 
0.674305555556 0.989964515743 1.0 
0.675 0.989999368962 1.0 
0.675694444444 0.989980958506 1.0 
0.676388888889 0.989962169687 1.0 
0.677083333333 0.990062500002 1.0 
0.677777777778 0.98994484255 1.0 
0.678472222222 0.99004633751 1.0 
0.679166666667 0.990166718998 1.0 
0.679861111111 0.990043562698 1.0 
0.680555555556 0.990223892485 1.0 
0.68125 0.989878794675 1.0 
0.681944444444 0.990089615724 1.0 
0.682638888889 0.990155110037 1.0 
0.683333333333 0.990112541963 1.0 
0.684027777778 0.990335131729 1.0 
0.684722222222 0.9901785078 1.0 
0.685416666667 0.990280379039 1.0 
0.686111111111 0.990228547303 1.0 
0.686805555556 0.99035516873 1.0 
0.6875 0.990366500975 1.0 
0.688194444444 0.990462201394 1.0 
0.688888888889 0.990351118476 1.0 
0.689583333333 0.990443279835 1.0 
0.690277777778 0.990412751848 1.0 
0.690972222222 0.990411873954 1.0 
0.691666666667 0.990333013573 1.0 
0.692361111111 0.990335921267 1.0 
0.693055555556 0.99047079397 1.0 
0.69375 0.990318362121 1.0 
0.694444444444 0.990601432933 1.0 
0.695138888889 0.990442449508 1.0 
0.695833333333 0.990634931514 1.0 
0.696527777778 0.990325092359 1.0 
0.697222222222 0.990616951291 1.0 
0.697916666667 0.990466587122 1.0 
0.698611111111 0.990511038186 1.0 
0.699305555556 0.99059020093 1.0 
0.7 0.990567828583 1.0 
0.700694444444 0.990732328998 1.0 
0.701388888889 0.990784892592 1.0 
0.702083333333 0.990691055089 1.0 
0.702777777778 0.990562397352 1.0 
0.703472222222 0.990726772539 1.0 
0.704166666667 0.99070895312 1.0 
0.704861111111 0.990638964082 1.0 
0.705555555556 0.990916202324 1.0 
0.70625 0.99083497901 1.0 
0.706944444444 0.990807552769 1.0 
0.707638888889 0.990805627653 1.0 
0.708333333333 0.990931189444 1.0 
0.709027777778 0.990969124289 1.0 
0.709722222222 0.990846800578 1.0 
0.710416666667 0.990864160898 1.0 
0.711111111111 0.991137948611 1.0 
0.711805555556 0.991045753963 1.0 
0.7125 0.99110491431 1.0 
0.713194444444 0.99120876412 1.0 
0.713888888889 0.991191070744 1.0 
0.714583333333 0.991174769009 1.0 
0.715277777778 0.991291206771 1.0 
0.715972222222 0.99091859775 1.0 
0.716666666667 0.991163988927 1.0 
0.717361111111 0.991106809839 1.0 
0.718055555556 0.991264575418 1.0 
0.71875 0.991360809324 1.0 
0.719444444444 0.991551694121 1.0 
0.720138888889 0.991379415396 1.0 
0.720833333333 0.991365631133 1.0 
0.721527777778 0.991488433728 1.0 
0.722222222222 0.991511781049 1.0 
0.722916666667 0.991645253766 1.0 
0.723611111111 0.991751966318 1.0 
0.724305555556 0.99187613267 1.0 
0.725 0.991865832414 1.0 
0.725694444444 0.991926537615 1.0 
0.726388888889 0.99199533669 1.0 
0.727083333333 0.992265495506 1.0 
0.727777777778 0.992118584877 1.0 
0.728472222222 0.992277693275 1.0 
0.729166666667 0.992480294609 1.0 
0.729861111111 0.992560344089 1.0 
0.730555555556 0.992527562552 1.0 
0.73125 0.99269110016 1.0 
0.731944444444 0.992639458187 1.0 
0.732638888889 0.992890725058 1.0 
0.733333333333 0.993073520379 1.0 
0.734027777778 0.993051067809 1.0 
0.734722222222 0.993148079294 1.0 
0.735416666667 0.993300900155 1.0 
0.736111111111 0.993468045421 1.0 
0.736805555556 0.993568510429 1.0 
0.7375 0.993432848237 1.0 
0.738194444444 0.993738844949 1.0 
0.738888888889 0.993815421758 1.0 
0.739583333333 0.993992753888 1.0 
0.740277777778 0.994181329291 1.0 
0.740972222222 0.994051164993 1.0 
0.741666666667 0.994199616228 1.0 
0.742361111111 0.994428918083 1.0 
0.743055555556 0.994487524945 1.0 
0.74375 0.994486300595 1.0 
0.744444444444 0.994761846812 1.0 
0.745138888889 0.994741713726 1.0 
0.745833333333 0.995097079564 1.0 
0.746527777778 0.995021507514 1.0 
0.747222222222 0.99531045985 1.0 
0.747916666667 0.995162081389 1.0 
0.748611111111 0.995322397156 1.0 
0.749305555556 0.995458606852 1.0 
0.75 0.995532669011 1.0 
0.750694444444 0.995860366988 1.0 
0.751388888889 0.995948727169 1.0 
0.752083333333 0.996028774801 1.0 
0.752777777778 0.996194454685 1.0 
0.753472222222 0.996148763526 1.0 
0.754166666667 0.996263665757 1.0 
0.754861111111 0.996386753921 1.0 
0.755555555556 0.996404621467 1.0 
0.75625 0.996684172002 1.0 
0.756944444444 0.996768308371 1.0 
0.757638888889 0.996918063301 1.0 
0.758333333333 0.997014190719 1.0 
0.759027777778 0.997207627624 1.0 
0.759722222222 0.997253612378 1.0 
0.760416666667 0.997322684089 1.0 
0.761111111111 0.997445848699 1.0 
0.761805555556 0.997611540249 1.0 
0.7625 0.997594881051 1.0 
0.763194444444 0.99781620453 1.0 
0.763888888889 0.997801643619 1.0 
0.764583333333 0.997795350471 1.0 
0.765277777778 0.998051096982 1.0 
0.765972222222 0.998076090701 1.0 
0.766666666667 0.99828035655 1.0 
0.767361111111 0.998258837652 1.0 
0.768055555556 0.99851850215 1.0 
0.76875 0.998546554318 1.0 
0.769444444444 0.998559512756 1.0 
0.770138888889 0.998752547765 1.0 
0.770833333333 0.998775481138 1.0 
0.771527777778 0.998994980783 1.0 
0.772222222222 0.998772547208 1.0 
0.772916666667 0.999130106277 1.0 
0.773611111111 0.999105917155 1.0 
0.774305555556 0.999136513486 1.0 
0.775 0.999075182934 1.0 
0.775694444444 0.999386202881 1.0 
0.776388888889 0.99928264416 1.0 
0.777083333333 0.999466692586 1.0 
0.777777777778 0.999467688191 1.0 
0.778472222222 0.999549817396 1.0 
0.779166666667 0.999575824232 1.0 
0.779861111111 0.999823206415 1.0 
0.780555555556 0.999721898106 1.0 
0.78125 0.999723149942 1.0 
0.781944444444 0.999970674383 1.0 
0.782638888889 1.00002513038 1.0 
0.783333333333 0.999941679841 1.0 
0.784027777778 0.999857697415 1.0 
0.784722222222 0.999827883953 1.0 
0.785416666667 0.999886537622 1.0 
0.786111111111 1.00010818027 1.0 
0.786805555556 0.999890313625 1.0 
0.7875 0.999940620447 1.0 
0.788194444444 0.999947227227 1.0 
0.788888888889 1.00008586343 1.0 
0.789583333333 1.00007802746 1.0 
0.790277777778 1.00016107505 1.0 
0.790972222222 1.00001801502 1.0 
0.791666666667 0.999962492404 1.0 
0.792361111111 0.999981436728 1.0 
0.793055555556 0.999954899623 1.0 
0.79375 0.999863455385 1.0 
0.794444444444 1.00001057816 1.0 
0.795138888889 0.999967248889 1.0 
0.795833333333 0.999954426895 1.0 
0.796527777778 0.999971094321 1.0 
0.797222222222 1.00001026426 1.0 
0.797916666667 1.00012404229 1.0 
0.798611111111 0.999933073687 1.0 
0.799305555556 1.00003482346 1.0 
0.8 0.999985873005 1.0 
0.800694444444 1.0001821769 1.0 
0.801388888889 1.00007679715 1.0 
0.802083333333 1.00018227179 1.0 
0.802777777778 1.00006470672 1.0 
0.803472222222 0.999911618417 1.0 
0.804166666667 0.99999227931 1.0 
0.804861111111 0.999912459577 1.0 
0.805555555556 1.00015003096 1.0 
0.80625 1.00018095947 1.0 
0.806944444444 1.00002957442 1.0 
0.807638888889 0.999984459999 1.0 
0.808333333333 0.999897795367 1.0 
0.809027777778 0.999880489922 1.0 
0.809722222222 1.00003290705 1.0 
0.810416666667 0.9998551719 1.0 
0.811111111111 1.00013947041 1.0 
0.811805555556 1.00010648729 1.0 
0.8125 0.999860861895 1.0 
0.813194444444 0.999967600305 1.0 
0.813888888889 0.999992901527 1.0 
0.814583333333 0.999967692683 1.0 
0.815277777778 1.0000798631 1.0 
0.815972222222 1.00004978613 1.0 
0.816666666667 0.999995244683 1.0 
0.817361111111 0.999926418796 1.0 
0.818055555556 1.00006687885 1.0 
0.81875 1.00004512624 1.0 
0.819444444444 1.00007422376 1.0 
0.820138888889 0.999930772743 1.0 
0.820833333333 1.00003481926 1.0 
0.821527777778 0.999816371157 1.0 
0.822222222222 1.00001190226 1.0 
0.822916666667 1.00011521482 1.0 
0.823611111111 1.0000266414 1.0 
0.824305555556 1.00011743145 1.0 
0.825 1.000019668 1.0 
0.825694444444 0.999849021871 1.0 
0.826388888889 0.999983440299 1.0 
0.827083333333 0.999857980333 1.0 
0.827777777778 1.00012744684 1.0 
0.828472222222 1.00008010499 1.0 
0.829166666667 1.00008066693 1.0 
0.829861111111 0.999933937224 1.0 
0.830555555556 1.00012341094 1.0 
0.83125 0.999799308146 1.0 
0.831944444444 1.00008974421 1.0 
0.832638888889 0.999876054498 1.0 
0.833333333333 0.999909598026 1.0 
0.834027777778 1.00001041202 1.0 
0.834722222222 0.999881198398 1.0 
0.835416666667 1.00012638954 1.0 
0.836111111111 0.999837432086 1.0 
0.836805555556 1.0000364302 1.0 
0.8375 0.999871652443 1.0 
0.838194444444 1.00003750006 1.0 
0.838888888889 1.00014640348 1.0 
0.839583333333 0.99998866178 1.0 
0.840277777778 1.00013023564 1.0 
0.840972222222 0.999904230186 1.0 
0.841666666667 1.00005591306 1.0 
0.842361111111 0.999995815408 1.0 
0.843055555556 0.999841728101 1.0 
0.84375 0.99993303508 1.0 
0.844444444444 0.999875887628 1.0 
0.845138888889 1.00012287869 1.0 
0.845833333333 0.999911331577 1.0 
0.846527777778 1.00005145223 1.0 
0.847222222222 1.00015013422 1.0 
0.847916666667 1.0001144877 1.0 
0.848611111111 0.999888468808 1.0 
0.849305555556 0.999879729005 1.0 
0.85 1.00000178747 1.0 
0.850694444444 1.00013928512 1.0 
0.851388888889 0.999850170714 1.0 
0.852083333333 1.00003139587 1.0 
0.852777777778 0.999975780973 1.0 
0.853472222222 0.999954297945 1.0 
0.854166666667 0.999910423835 1.0 
0.854861111111 0.999938000404 1.0 
0.855555555556 1.0001464039 1.0 
0.85625 0.999719771434 1.0 
0.856944444444 0.999893914704 1.0 
0.857638888889 1.00001463907 1.0 
0.858333333333 0.999868616446 1.0 
0.859027777778 1.00007967453 1.0 
0.859722222222 0.999776954764 1.0 
0.860416666667 0.999946999401 1.0 
0.861111111111 0.999956053728 1.0 
0.861805555556 1.00000625345 1.0 
0.8625 0.999956756944 1.0 
0.863194444444 0.999875646627 1.0 
0.863888888889 0.999869400479 1.0 
0.864583333333 0.999835003852 1.0 
0.865277777778 0.999985568128 1.0 
0.865972222222 1.00012897613 1.0 
0.866666666667 0.999914042231 1.0 
0.867361111111 0.999917535555 1.0 
0.868055555556 0.999971752739 1.0 
0.86875 0.999983938341 1.0 
0.869444444444 0.999998951443 1.0 
0.870138888889 0.999768636018 1.0 
0.870833333333 1.00004352013 1.0 
0.871527777778 0.999739274969 1.0 
0.872222222222 0.999793414703 1.0 
0.872916666667 1.00003347318 1.0 
0.873611111111 0.999901875722 1.0 
0.874305555556 0.999932130848 1.0 
0.875 0.999983086169 1.0 
0.875694444444 0.999954246779 1.0 
0.876388888889 0.999987136745 1.0 
0.877083333333 1.00005052211 1.0 
0.877777777778 0.999990360412 1.0 
0.878472222222 1.00010964818 1.0 
0.879166666667 0.99989088758 1.0 
0.879861111111 0.999866576158 1.0 
0.880555555556 0.999934231645 1.0 
0.88125 1.00010772581 1.0 
0.881944444444 1.00001691223 1.0 
0.882638888889 1.00007587153 1.0 
0.883333333333 1.00013469828 1.0 
0.884027777778 1.0000268138 1.0 
0.884722222222 0.99999320328 1.0 
0.885416666667 0.999974746916 1.0 
0.886111111111 1.00016074454 1.0 
0.886805555556 1.00002775233 1.0 
0.8875 0.999976623565 1.0 
0.888194444444 0.999989194412 1.0 
0.888888888889 0.999820455403 1.0 
0.889583333333 1.00003594806 1.0 
0.890277777778 0.999980029741 1.0 
0.890972222222 1.00004518534 1.0 
0.891666666667 1.00014731068 1.0 
0.892361111111 1.00000304815 1.0 
0.893055555556 0.99996246432 1.0 
0.89375 1.00005119613 1.0 
0.894444444444 1.00009794379 1.0 
0.895138888889 1.00000474023 1.0 
0.895833333333 1.00003837866 1.0 
0.896527777778 1.00020306635 1.0 
0.897222222222 0.999842625141 1.0 
0.897916666667 0.999905853619 1.0 
0.898611111111 1.00000899284 1.0 
0.899305555556 1.00011423318 1.0 
0.9 0.999978726374 1.0 
0.900694444444 1.00012823784 1.0 
0.901388888889 0.999996305341 1.0 
0.902083333333 1.00010692102 1.0 
0.902777777778 1.00001650522 1.0 
0.903472222222 1.00018627743 1.0 
0.904166666667 0.999847235191 1.0 
0.904861111111 0.999915509748 1.0 
0.905555555556 1.00000693111 1.0 
0.90625 1.00004659209 1.0 
0.906944444444 1.00001006076 1.0 
0.907638888889 1.00002771476 1.0 
0.908333333333 1.00006133229 1.0 
0.909027777778 1.00006093959 1.0 
0.909722222222 1.00015602085 1.0 
0.910416666667 0.999977982149 1.0 
0.911111111111 0.999894236409 1.0 
0.911805555556 0.999961258753 1.0 
0.9125 1.00002623423 1.0 
0.913194444444 1.0000968343 1.0 
0.913888888889 0.999900836426 1.0 
0.914583333333 0.999893628178 1.0 
0.915277777778 1.00004898043 1.0 
0.915972222222 0.999892575659 1.0 
0.916666666667 1.00008913129 1.0 
0.917361111111 0.999934463015 1.0 
0.918055555556 0.999987123835 1.0 
0.91875 1.00023766537 1.0 
0.919444444444 0.999830437722 1.0 
0.920138888889 0.999947656497 1.0 
0.920833333333 1.00012543305 1.0 
0.921527777778 0.999910212104 1.0 
0.922222222222 1.00002096406 1.0 
0.922916666667 1.00006540975 1.0 
0.923611111111 0.999906152966 1.0 
0.924305555556 1.00008319444 1.0 
0.925 1.00006929176 1.0 
0.925694444444 1.00002253424 1.0 
0.926388888889 1.00000573178 1.0 
0.927083333333 1.000050786 1.0 
0.927777777778 0.999828448233 1.0 
0.928472222222 0.999884485456 1.0 
0.929166666667 0.999999305278 1.0 
0.929861111111 0.999885331834 1.0 
0.930555555556 0.999743340766 1.0 
0.93125 1.00005817815 1.0 
0.931944444444 0.999989752392 1.0 
0.932638888889 0.999920256809 1.0 
0.933333333333 0.999874521685 1.0 
0.934027777778 1.000073471 1.0 
0.934722222222 1.0000470537 1.0 
0.935416666667 1.00021917905 1.0 
0.936111111111 1.00014089545 1.0 
0.936805555556 0.999761684404 1.0 
0.9375 1.00018907738 1.0 
0.938194444444 1.00012588799 1.0 
0.938888888889 1.00007424658 1.0 
0.939583333333 1.000002821 1.0 
0.940277777778 1.00006066646 1.0 
0.940972222222 0.999993803252 1.0 
0.941666666667 0.999967498899 1.0 
0.942361111111 0.999932034518 1.0 
0.943055555556 1.0000150683 1.0 
0.94375 1.00012150246 1.0 
0.944444444444 0.999979875285 1.0 
0.945138888889 0.99992447827 1.0 
0.945833333333 1.00005244281 1.0 
0.946527777778 0.999991352307 1.0 
0.947222222222 1.00005750591 1.0 
0.947916666667 1.00002906708 1.0 
0.948611111111 0.999805425794 1.0 
0.949305555556 1.00008609308 1.0 
0.95 1.00018570385 1.0 
0.950694444444 0.999969509267 1.0 
0.951388888889 1.00005943023 1.0 
0.952083333333 0.999935884119 1.0 
0.952777777778 0.999908327136 1.0 
0.953472222222 1.00010866144 1.0 
0.954166666667 1.00001567282 1.0 
0.954861111111 0.999987059828 1.0 
0.955555555556 1.00005812298 1.0 
0.95625 1.00005098044 1.0 
0.956944444444 1.00007049596 1.0 
0.957638888889 1.00001530994 1.0 
0.958333333333 0.99992239686 1.0 
0.959027777778 0.999990414023 1.0 
0.959722222222 0.999983340843 1.0 
0.960416666667 0.999965309316 1.0 
0.961111111111 1.00015613025 1.0 
0.961805555556 1.00009609735 1.0 
0.9625 1.00004136152 1.0 
0.963194444444 1.0001523077 1.0 
0.963888888889 1.00009150054 1.0 
0.964583333333 0.999964508939 1.0 
0.965277777778 1.00008584791 1.0 
0.965972222222 0.999979163986 1.0 
0.966666666667 0.999944756456 1.0 
0.967361111111 1.00011732436 1.0 
0.968055555556 1.00020117817 1.0 
0.96875 0.999845955955 1.0 
0.969444444444 0.999999318519 1.0 
0.970138888889 0.999950571293 1.0 
0.970833333333 0.999991619723 1.0 
0.971527777778 0.999976445673 1.0 
0.972222222222 0.999933922595 1.0 
0.972916666667 1.00006196374 1.0 
0.973611111111 1.00012884044 1.0 
0.974305555556 0.999970363685 1.0 
0.975 1.00000874086 1.0 
0.975694444444 1.00000046573 1.0 
0.976388888889 1.00000609841 1.0 
0.977083333333 1.00013113381 1.0 
0.977777777778 0.999902021601 1.0 
0.978472222222 1.00000431187 1.0 
0.979166666667 1.00006103726 1.0 
0.979861111111 0.99996294252 1.0 
0.980555555556 1.00003315599 1.0 
0.98125 1.00000204353 1.0 
0.981944444444 1.00018740284 1.0 
0.982638888889 1.00003794163 1.0 
0.983333333333 0.999861123291 1.0 
0.984027777778 1.00000068374 1.0 
0.984722222222 1.00010450729 1.0 
0.985416666667 1.0000512958 1.0 
0.986111111111 1.00003671291 1.0 
0.986805555556 0.999944515163 1.0 
0.9875 1.00003006949 1.0 
0.988194444444 0.999952770428 1.0 
0.988888888889 1.00015208919 1.0 
0.989583333333 1.00008394525 1.0 
0.990277777778 1.00000354882 1.0 
0.990972222222 0.999867070153 1.0 
0.991666666667 1.00020008395 1.0 
0.992361111111 1.00019441217 1.0 
0.993055555556 1.00001269034 1.0 
0.99375 1.00008989876 1.0 
0.994444444444 0.999890996394 1.0 
0.995138888889 0.999965218012 1.0 
0.995833333333 0.999932317249 1.0 
0.996527777778 0.999932803956 1.0 
0.997222222222 0.999960760485 1.0 
0.997916666667 1.00004184264 1.0 
0.998611111111 1.00004893237 1.0 
0.999305555556 0.999968472941 1.0 
1.0 1.00010243254 1.0 
1.00069444444 0.99999504084 1.0 
1.00138888889 0.999987704134 1.0 
1.00208333333 0.999869826844 1.0 
1.00277777778 1.00016290426 1.0 
1.00347222222 1.00012718507 1.0 
1.00416666667 0.999930655164 1.0 
1.00486111111 1.00006525544 1.0 
1.00555555556 0.999970967861 1.0 
1.00625 1.00001723074 1.0 
1.00694444444 1.00018101292 1.0 
1.00763888889 0.999837331007 1.0 
1.00833333333 0.999963650659 1.0 
1.00902777778 1.00001277542 1.0 
1.00972222222 1.00015620149 1.0 
1.01041666667 1.00006099175 1.0 
1.01111111111 1.00007584048 1.0 
1.01180555556 1.0001243114 1.0 
1.0125 1.00013877489 1.0 
1.01319444444 0.999853931305 1.0 
1.01388888889 0.999973556137 1.0 
1.01458333333 0.999966278295 1.0 
1.01527777778 1.0000372969 1.0 
1.01597222222 1.00004301633 1.0 
1.01666666667 1.00000050671 1.0 
1.01736111111 0.999977295043 1.0 
1.01805555556 1.00007782937 1.0 
1.01875 1.00005444383 1.0 
1.01944444444 1.00001156526 1.0 
1.02013888889 0.999859126105 1.0 
1.02083333333 1.00011219874 1.0 
1.02152777778 1.00008081049 1.0 
1.02222222222 1.00009291089 1.0 
1.02291666667 1.00021191716 1.0 
1.02361111111 1.00013560068 1.0 
1.02430555556 0.999946012239 1.0 
1.025 1.00010021963 1.0 
1.02569444444 1.00009675349 1.0 
1.02638888889 1.00003239573 1.0 
1.02708333333 1.00001762955 1.0 
1.02777777778 0.999936940357 1.0 
1.02847222222 1.00008031892 1.0 
1.02916666667 0.999886650049 1.0 
1.02986111111 1.0000272374 1.0 
1.03055555556 0.99999600541 1.0 
1.03125 0.999900986602 1.0 
1.03194444444 1.00023136028 1.0 
1.03263888889 1.00005898311 1.0 
1.03333333333 0.999806214585 1.0 
1.03402777778 1.00000206177 1.0 
1.03472222222 0.99998464703 1.0 
1.03541666667 0.99989325517 1.0 
1.03611111111 0.999873477555 1.0 
1.03680555556 1.0001274754 1.0 
1.0375 0.999982269071 1.0 
1.03819444444 1.00006586646 1.0 
1.03888888889 1.00000908257 1.0 
1.03958333333 1.00000697027 1.0 
1.04027777778 1.00007865866 1.0 
1.04097222222 1.0000393769 1.0 
1.04166666667 0.999887925127 1.0 
1.04236111111 1.00004458922 1.0 
1.04305555556 0.999959172421 1.0 
1.04375 1.00002153946 1.0 
1.04444444444 0.999928719666 1.0 
1.04513888889 0.999988193987 1.0 
1.04583333333 0.999937899393 1.0 
1.04652777778 0.99997922547 1.0 
1.04722222222 1.0001450855 1.0 
1.04791666667 0.999968803071 1.0 
1.04861111111 1.00002412449 1.0 
1.04930555556 1.00005104076 1.0 
1.05 1.00000275454 1.0 
1.05069444444 0.999973489241 1.0 
1.05138888889 0.999840894619 1.0 
1.05208333333 1.00007030522 1.0 
1.05277777778 1.0000402927 1.0 
1.05347222222 0.999818199912 1.0 
1.05416666667 1.00023713089 1.0 
1.05486111111 1.00007001006 1.0 
1.05555555556 0.999913789128 1.0 
1.05625 1.00009643749 1.0 
1.05694444444 1.00016809401 1.0 
1.05763888889 1.00001751467 1.0 
1.05833333333 1.00000953673 1.0 
1.05902777778 1.00002943122 1.0 
1.05972222222 1.00000333057 1.0 
1.06041666667 0.999943627935 1.0 
1.06111111111 0.999852700849 1.0 
1.06180555556 1.00005619363 1.0 
1.0625 1.00001177597 1.0 
1.06319444444 0.999882675467 1.0 
1.06388888889 0.99998655665 1.0 
1.06458333333 1.0001039525 1.0 
1.06527777778 1.00010623565 1.0 
1.06597222222 1.00018922538 1.0 
1.06666666667 0.999935288403 1.0 
1.06736111111 0.999774021986 1.0 
1.06805555556 0.999896848871 1.0 
1.06875 0.999879567742 1.0 
1.06944444444 1.00005025671 1.0 
1.07013888889 1.00014429823 1.0 
1.07083333333 1.00001142395 1.0 
1.07152777778 0.999843755677 1.0 
1.07222222222 1.0001314355 1.0 
1.07291666667 1.00012349098 1.0 
1.07361111111 0.999984534713 1.0 
1.07430555556 1.00023908928 1.0 
1.075 0.999836102402 1.0 
1.07569444444 1.0000767041 1.0 
1.07638888889 0.99991016421 1.0 
1.07708333333 0.999971015347 1.0 
1.07777777778 0.999929146283 1.0 
1.07847222222 0.99993357467 1.0 
1.07916666667 0.999919225136 1.0 
1.07986111111 0.999921475459 1.0 
1.08055555556 1.00007985984 1.0 
1.08125 1.00001991736 1.0 
1.08194444444 1.00000607905 1.0 
1.08263888889 1.00003381367 1.0 
1.08333333333 1.00025015005 1.0 
1.08402777778 0.999819235966 1.0 
1.08472222222 1.00015234353 1.0 
1.08541666667 1.00006159463 1.0 
1.08611111111 0.999920680349 1.0 
1.08680555556 0.999933738262 1.0 
1.0875 1.00014537692 1.0 
1.08819444444 1.00007100373 1.0 
1.08888888889 1.00009489968 1.0 
1.08958333333 0.999821786226 1.0 
1.09027777778 0.999983480763 1.0 
1.09097222222 0.999965775383 1.0 
1.09166666667 1.00005653957 1.0 
1.09236111111 0.99996310236 1.0 
1.09305555556 0.999830463902 1.0 
1.09375 0.999909081288 1.0 
1.09444444444 1.0000328475 1.0 
1.09513888889 1.00004151802 1.0 
1.09583333333 0.999988094712 1.0 
1.09652777778 0.999938973105 1.0 
1.09722222222 1.00001159786 1.0 
1.09791666667 0.999884866261 1.0 
1.09861111111 0.999818016382 1.0 
1.09930555556 0.99992420764 1.0 
1.1 0.999968875891 1.0 
