-0.1 0.999933483647 1.0 
-0.0993055555556 0.999991578153 1.0 
-0.0986111111111 1.00005503703 1.0 
-0.0979166666667 1.00024741189 1.0 
-0.0972222222222 1.00004507531 1.0 
-0.0965277777778 0.999998899549 1.0 
-0.0958333333333 0.999991905586 1.0 
-0.0951388888889 0.999930014976 1.0 
-0.0944444444444 1.00005562289 1.0 
-0.09375 1.00000819191 1.0 
-0.0930555555556 0.999759016921 1.0 
-0.0923611111111 0.999911159418 1.0 
-0.0916666666667 0.999947435869 1.0 
-0.0909722222222 1.00008191623 1.0 
-0.0902777777778 1.00007823914 1.0 
-0.0895833333333 1.00006781379 1.0 
-0.0888888888889 0.999928107285 1.0 
-0.0881944444444 1.00008042363 1.0 
-0.0875 0.999971364044 1.0 
-0.0868055555556 0.99999445171 1.0 
-0.0861111111111 1.00012532767 1.0 
-0.0854166666667 1.00018547308 1.0 
-0.0847222222222 1.0001594534 1.0 
-0.0840277777778 1.00006566959 1.0 
-0.0833333333333 1.00002980863 1.0 
-0.0826388888889 1.0000277653 1.0 
-0.0819444444444 0.999909448194 1.0 
-0.08125 1.0000303577 1.0 
-0.0805555555556 1.00006211908 1.0 
-0.0798611111111 1.00004299685 1.0 
-0.0791666666667 0.999945832459 1.0 
-0.0784722222222 0.999985833735 1.0 
-0.0777777777778 1.00008044681 1.0 
-0.0770833333333 0.999927701048 1.0 
-0.0763888888889 0.999910955139 1.0 
-0.0756944444444 1.000234808 1.0 
-0.075 1.00010603781 1.0 
-0.0743055555556 0.999911716762 1.0 
-0.0736111111111 1.00004175574 1.0 
-0.0729166666667 0.999933027168 1.0 
-0.0722222222222 1.000001202 1.0 
-0.0715277777778 1.0001098241 1.0 
-0.0708333333333 0.999953341486 1.0 
-0.0701388888889 0.999989866628 1.0 
-0.0694444444444 0.999995632639 1.0 
-0.06875 0.999960082375 1.0 
-0.0680555555556 1.0000599535 1.0 
-0.0673611111111 0.999919706786 1.0 
-0.0666666666667 1.00007889165 1.0 
-0.0659722222222 1.00001773482 1.0 
-0.0652777777778 1.0000235199 1.0 
-0.0645833333333 1.00016578788 1.0 
-0.0638888888889 1.00002152179 1.0 
-0.0631944444444 1.00020406981 1.0 
-0.0625 0.999935137945 1.0 
-0.0618055555556 0.999942149959 1.0 
-0.0611111111111 1.00022899258 1.0 
-0.0604166666667 1.00003467789 1.0 
-0.0597222222222 1.00006813477 1.0 
-0.0590277777778 0.999932082512 1.0 
-0.0583333333333 1.0002025384 1.0 
-0.0576388888889 1.00015858823 1.0 
-0.0569444444444 1.00013778324 1.0 
-0.05625 1.00021574154 1.0 
-0.0555555555556 1.00014885892 1.0 
-0.0548611111111 1.00008624629 1.0 
-0.0541666666667 1.00006228219 1.0 
-0.0534722222222 1.00006394039 1.0 
-0.0527777777778 1.0000387056 1.0 
-0.0520833333333 1.00008978367 1.0 
-0.0513888888889 0.999952100036 1.0 
-0.0506944444444 1.00025582882 1.0 
-0.05 1.00018731441 1.0 
-0.0493055555556 1.00000869645 1.0 
-0.0486111111111 0.999996621993 1.0 
-0.0479166666667 1.00000798365 1.0 
-0.0472222222222 1.00027554137 1.0 
-0.0465277777778 1.00002421409 1.0 
-0.0458333333333 1.00002972118 1.0 
-0.0451388888889 1.00019649 1.0 
-0.0444444444444 1.00004608483 1.0 
-0.04375 1.00010348126 1.0 
-0.0430555555556 0.999993767463 1.0 
-0.0423611111111 1.00008690414 1.0 
-0.0416666666667 1.00001435274 1.0 
-0.0409722222222 1.00004794784 1.0 
-0.0402777777778 0.999958604303 1.0 
-0.0395833333333 1.00025354965 1.0 
-0.0388888888889 1.00004605707 1.0 
-0.0381944444444 0.999905472465 1.0 
-0.0375 1.00002986865 1.0 
-0.0368055555556 1.00019968009 1.0 
-0.0361111111111 1.00015007683 1.0 
-0.0354166666667 0.999917806382 1.0 
-0.0347222222222 0.999930853984 1.0 
-0.0340277777778 1.00013226838 1.0 
-0.0333333333333 0.999991139596 1.0 
-0.0326388888889 1.0000548812 1.0 
-0.0319444444444 1.00012098077 1.0 
-0.03125 1.00017390024 1.0 
-0.0305555555556 1.00015064134 1.0 
-0.0298611111111 1.00011784421 1.0 
-0.0291666666667 1.00013093148 1.0 
-0.0284722222222 0.999842688837 1.0 
-0.0277777777778 1.00015190983 1.0 
-0.0270833333333 1.00008575127 1.0 
-0.0263888888889 1.00019443683 1.0 
-0.0256944444444 1.00018314327 1.0 
-0.025 0.999952041978 1.0 
-0.0243055555556 0.99994836297 1.0 
-0.0236111111111 1.00027599358 1.0 
-0.0229166666667 0.999925861783 1.0 
-0.0222222222222 1.00005337416 1.0 
-0.0215277777778 1.00000870279 1.0 
-0.0208333333333 0.999852880635 1.0 
-0.0201388888889 1.00009524338 1.0 
-0.0194444444444 1.0001593999 1.0 
-0.01875 0.999832860306 1.0 
-0.0180555555556 1.00003953562 1.0 
-0.0173611111111 1.00005591951 1.0 
-0.0166666666667 1.00004002421 1.0 
-0.0159722222222 1.00007316726 1.0 
-0.0152777777778 0.999997185254 1.0 
-0.0145833333333 1.00013836208 1.0 
-0.0138888888889 1.00010827169 1.0 
-0.0131944444444 1.00002910381 1.0 
-0.0125 1.00004310562 1.0 
-0.0118055555556 1.00000939593 1.0 
-0.0111111111111 0.999932678417 1.0 
-0.0104166666667 0.999923505339 1.0 
-0.00972222222222 1.00000492037 1.0 
-0.00902777777778 1.00012685247 1.0 
-0.00833333333333 0.999961553041 1.0 
-0.00763888888889 1.00015881041 1.0 
-0.00694444444444 1.00006309984 1.0 
-0.00625 1.00001730958 1.0 
-0.00555555555556 1.00008947548 1.0 
-0.00486111111111 0.999935714751 1.0 
-0.00416666666667 1.00005788467 1.0 
-0.00347222222222 1.00028339629 1.0 
-0.00277777777778 1.00005826485 1.0 
-0.00208333333333 0.999983458379 1.0 
-0.00138888888889 1.0000794051 1.0 
-0.000694444444445 0.99989872653 1.0 
-3.33066907388e-16 0.999988692958 1.0 
0.000694444444444 0.999975536999 1.0 
0.00138888888889 0.999963812595 1.0 
0.00208333333333 1.00008613444 1.0 
0.00277777777778 1.00003338446 1.0 
0.00347222222222 1.0000812236 1.0 
0.00416666666667 0.999967810395 1.0 
0.00486111111111 1.00011777128 1.0 
0.00555555555556 1.00007088558 1.0 
0.00625 0.999942634283 1.0 
0.00694444444444 1.00017885824 1.0 
0.00763888888889 1.00005841803 1.0 
0.00833333333333 1.00009939642 1.0 
0.00902777777778 1.00007231803 1.0 
0.00972222222222 1.00005615602 1.0 
0.0104166666667 1.00017000026 1.0 
0.0111111111111 1.00019838449 1.0 
0.0118055555556 1.00006460253 1.0 
0.0125 0.999927818303 1.0 
0.0131944444444 1.0000434251 1.0 
0.0138888888889 1.00017436083 1.0 
0.0145833333333 0.999989954976 1.0 
0.0152777777778 1.0000040485 1.0 
0.0159722222222 0.999934068296 1.0 
0.0166666666667 1.00008198284 1.0 
0.0173611111111 1.00017071509 1.0 
0.0180555555556 1.00011817281 1.0 
0.01875 1.00003072909 1.0 
0.0194444444444 0.9999868572 1.0 
0.0201388888889 0.999882564833 1.0 
0.0208333333333 1.00010133309 1.0 
0.0215277777778 1.0001619192 1.0 
0.0222222222222 1.00011670324 1.0 
0.0229166666667 1.00012652061 1.0 
0.0236111111111 0.999950248741 1.0 
0.0243055555556 1.00003645602 1.0 
0.025 1.00012654403 1.0 
0.0256944444444 1.00007567732 1.0 
0.0263888888889 1.00000018311 1.0 
0.0270833333333 1.00000712353 1.0 
0.0277777777778 0.999862496502 1.0 
0.0284722222222 1.00007411488 1.0 
0.0291666666667 1.00010359867 1.0 
0.0298611111111 0.999935028343 1.0 
0.0305555555556 1.00003379809 1.0 
0.03125 1.00001255869 1.0 
0.0319444444444 1.00011969158 1.0 
0.0326388888889 1.00001772367 1.0 
0.0333333333333 1.00009647416 1.0 
0.0340277777778 1.00023738205 1.0 
0.0347222222222 1.00003640567 1.0 
0.0354166666667 1.00009698166 1.0 
0.0361111111111 1.00012483115 1.0 
0.0368055555556 1.00032101569 1.0 
0.0375 0.999930950463 1.0 
0.0381944444444 1.00003766102 1.0 
0.0388888888889 1.00016145712 1.0 
0.0395833333333 1.0001130716 1.0 
0.0402777777778 1.00017956892 1.0 
0.0409722222222 0.99996932246 1.0 
0.0416666666667 0.999913058385 1.0 
0.0423611111111 1.00015701884 1.0 
0.0430555555556 1.00015024489 1.0 
0.04375 1.0001176702 1.0 
0.0444444444444 0.99995461522 1.0 
0.0451388888889 0.999974825251 1.0 
0.0458333333333 0.999856552187 1.0 
0.0465277777778 1.00017340547 1.0 
0.0472222222222 0.999998373953 1.0 
0.0479166666667 1.00012297564 1.0 
0.0486111111111 1.00011923148 1.0 
0.0493055555556 0.999994378496 1.0 
0.05 1.00017732719 1.0 
0.0506944444444 1.00014114202 1.0 
0.0513888888889 0.999990865633 1.0 
0.0520833333333 1.00015880029 1.0 
0.0527777777778 0.999887535038 1.0 
0.0534722222222 1.00001862653 1.0 
0.0541666666667 1.00023167512 1.0 
0.0548611111111 0.999952958538 1.0 
0.0555555555556 1.00006167335 1.0 
0.05625 1.00019023628 1.0 
0.0569444444444 0.999983983219 1.0 
0.0576388888889 0.999965556427 1.0 
0.0583333333333 1.00004102807 1.0 
0.0590277777778 1.00005975474 1.0 
0.0597222222222 0.999936286338 1.0 
0.0604166666667 1.00003175502 1.0 
0.0611111111111 1.00022587356 1.0 
0.0618055555556 0.999933040982 1.0 
0.0625 1.00015325627 1.0 
0.0631944444444 1.00006568633 1.0 
0.0638888888889 1.00015369231 1.0 
0.0645833333333 1.00018261506 1.0 
0.0652777777778 1.0001159729 1.0 
0.0659722222222 1.00003287452 1.0 
0.0666666666667 1.00002435895 1.0 
0.0673611111111 1.00001126076 1.0 
0.0680555555556 1.00021288865 1.0 
0.06875 1.00020249776 1.0 
0.0694444444444 0.999965708606 1.0 
0.0701388888889 0.999907893763 1.0 
0.0708333333333 0.999816493685 1.0 
0.0715277777778 1.00012443831 1.0 
0.0722222222222 1.00006770955 1.0 
0.0729166666667 1.00018362712 1.0 
0.0736111111111 1.00023120519 1.0 
0.0743055555556 0.999905558316 1.0 
0.075 1.00009249054 1.0 
0.0756944444444 0.999999661729 1.0 
0.0763888888889 1.00010641642 1.0 
0.0770833333333 0.999980919933 1.0 
0.0777777777778 1.00007720041 1.0 
0.0784722222222 1.00003963194 1.0 
0.0791666666667 0.999992411438 1.0 
0.0798611111111 1.00018366487 1.0 
0.0805555555556 1.00000290798 1.0 
0.08125 1.00008014924 1.0 
0.0819444444444 1.00004549214 1.0 
0.0826388888889 1.00008008101 1.0 
0.0833333333333 0.999908660653 1.0 
0.0840277777778 1.00016926181 1.0 
0.0847222222222 1.0001152202 1.0 
0.0854166666667 1.0000876605 1.0 
0.0861111111111 1.0000305209 1.0 
0.0868055555556 1.00007628592 1.0 
0.0875 1.00013662512 1.0 
0.0881944444444 1.00019095966 1.0 
0.0888888888889 0.999888032978 1.0 
0.0895833333333 1.00008804065 1.0 
0.0902777777778 1.00001416244 1.0 
0.0909722222222 0.999836356538 1.0 
0.0916666666667 0.999944025199 1.0 
0.0923611111111 0.999969912011 1.0 
0.0930555555556 1.00023869199 1.0 
0.09375 1.00000233143 1.0 
0.0944444444444 1.0000136102 1.0 
0.0951388888889 1.00008785338 1.0 
0.0958333333333 1.00018847169 1.0 
0.0965277777778 0.999946136884 1.0 
0.0972222222222 1.00006709617 1.0 
0.0979166666667 1.00025108023 1.0 
0.0986111111111 1.00002575947 1.0 
0.0993055555556 1.00019869615 1.0 
0.1 1.00014800718 1.0 
0.100694444444 1.00008646854 1.0 
0.101388888889 1.00004883156 1.0 
0.102083333333 1.00017548856 1.0 
0.102777777778 1.00022816152 1.0 
0.103472222222 1.00005190853 1.0 
0.104166666667 1.00014894501 1.0 
0.104861111111 1.00004463127 1.0 
0.105555555556 1.00008512618 1.0 
0.10625 1.00000330973 1.0 
0.106944444444 1.00017448113 1.0 
0.107638888889 1.00005307765 1.0 
0.108333333333 1.00004176243 1.0 
0.109027777778 1.0000004943 1.0 
0.109722222222 1.00010542857 1.0 
0.110416666667 1.00000279796 1.0 
0.111111111111 1.00012018668 1.0 
0.111805555556 1.00007222447 1.0 
0.1125 1.00023695376 1.0 
0.113194444444 1.00012352277 1.0 
0.113888888889 1.00008571324 1.0 
0.114583333333 0.99993788691 1.0 
0.115277777778 1.00010631479 1.0 
0.115972222222 1.00004447255 1.0 
0.116666666667 1.00000244716 1.0 
0.117361111111 1.00010871291 1.0 
0.118055555556 1.00010703829 1.0 
0.11875 1.00004005533 1.0 
0.119444444444 0.99993722183 1.0 
0.120138888889 1.00011766724 1.0 
0.120833333333 0.999927377982 1.0 
0.121527777778 1.00000648089 1.0 
0.122222222222 0.99994458086 1.0 
0.122916666667 1.0002546969 1.0 
0.123611111111 0.999987140346 1.0 
0.124305555556 1.00002937694 1.0 
0.125 0.999891951844 1.0 
0.125694444444 1.00003156251 1.0 
0.126388888889 0.999977968399 1.0 
0.127083333333 1.00007196296 1.0 
0.127777777778 0.999879259397 1.0 
0.128472222222 1.00015740955 1.0 
0.129166666667 1.00003478405 1.0 
0.129861111111 0.9999554866 1.0 
0.130555555556 0.99992752403 1.0 
0.13125 0.999865750671 1.0 
0.131944444444 0.999924302444 1.0 
0.132638888889 1.0000462571 1.0 
0.133333333333 0.999932878818 1.0 
0.134027777778 0.999930203175 1.0 
0.134722222222 1.00007333932 1.0 
0.135416666667 1.00007338196 1.0 
0.136111111111 0.999953544638 1.0 
0.136805555556 0.99994619 1.0 
0.1375 1.00026154904 1.0 
0.138194444444 1.00010461753 1.0 
0.138888888889 1.0001880288 1.0 
0.139583333333 1.00019752833 1.0 
0.140277777778 1.0000567946 1.0 
0.140972222222 1.00010296251 1.0 
0.141666666667 0.999979039541 1.0 
0.142361111111 1.00016972135 1.0 
0.143055555556 1.00006248423 1.0 
0.14375 1.00014918288 1.0 
0.144444444444 0.999959969635 1.0 
0.145138888889 1.00015559508 1.0 
0.145833333333 1.00006643789 1.0 
0.146527777778 0.999978625946 1.0 
0.147222222222 1.00009290919 1.0 
0.147916666667 0.999937435878 1.0 
0.148611111111 1.00000545605 1.0 
0.149305555556 0.99998618052 1.0 
0.15 1.00009127053 1.0 
0.150694444444 1.00002397034 1.0 
0.151388888889 0.999926986722 1.0 
0.152083333333 1.00012245874 1.0 
0.152777777778 1.0001248526 1.0 
0.153472222222 1.00014426716 1.0 
0.154166666667 1.00005605729 1.0 
0.154861111111 1.00021267044 1.0 
0.155555555556 1.00001579889 1.0 
0.15625 1.00010204349 1.0 
0.156944444444 1.00008564441 1.0 
0.157638888889 1.00000333867 1.0 
0.158333333333 0.999931100589 1.0 
0.159027777778 1.00017989243 1.0 
0.159722222222 0.99998214809 1.0 
0.160416666667 1.00015151406 1.0 
0.161111111111 0.999965286026 1.0 
0.161805555556 1.00018743638 1.0 
0.1625 1.00014024343 1.0 
0.163194444444 0.99981668516 1.0 
0.163888888889 1.00005743544 1.0 
0.164583333333 0.999891074239 1.0 
0.165277777778 1.00000874194 1.0 
0.165972222222 1.00000679296 1.0 
0.166666666667 1.0001137184 1.0 
0.167361111111 1.00017444208 1.0 
0.168055555556 0.999996690443 1.0 
0.16875 1.00004825639 1.0 
0.169444444444 1.00002171932 1.0 
0.170138888889 1.000118807 1.0 
0.170833333333 0.999947450694 1.0 
0.171527777778 1.00011171454 1.0 
0.172222222222 0.999971078882 1.0 
0.172916666667 1.00009343645 1.0 
0.173611111111 0.999810739021 1.0 
0.174305555556 1.00004194275 1.0 
0.175 1.00009239648 1.0 
0.175694444444 1.00014371135 1.0 
0.176388888889 1.00004670118 1.0 
0.177083333333 1.00012142989 1.0 
0.177777777778 1.00002718279 1.0 
0.178472222222 1.0001325988 1.0 
0.179166666667 1.00005158921 1.0 
0.179861111111 0.999994789717 1.0 
0.180555555556 1.00026467413 1.0 
0.18125 0.999982606597 1.0 
0.181944444444 0.999876161779 1.0 
0.182638888889 1.00009502349 1.0 
0.183333333333 0.999883138046 1.0 
0.184027777778 0.999833117691 1.0 
0.184722222222 1.00004648916 1.0 
0.185416666667 1.00005219065 1.0 
0.186111111111 0.999915542406 1.0 
0.186805555556 1.00014489828 1.0 
0.1875 1.00004814453 1.0 
0.188194444444 0.999981546221 1.0 
0.188888888889 1.00010178007 1.0 
0.189583333333 1.00031570389 1.0 
0.190277777778 1.00006314379 1.0 
0.190972222222 1.00011377314 1.0 
0.191666666667 1.00004893058 1.0 
0.192361111111 1.00002599386 1.0 
0.193055555556 1.00003484729 1.0 
0.19375 1.000238706 1.0 
0.194444444444 1.00010448615 1.0 
0.195138888889 1.00006056893 1.0 
0.195833333333 0.999953609532 1.0 
0.196527777778 1.00008169976 1.0 
0.197222222222 1.00008097968 1.0 
0.197916666667 1.00011026459 1.0 
0.198611111111 0.999831088843 1.0 
0.199305555556 1.00011957908 1.0 
0.2 1.00003171892 1.0 
0.200694444444 1.00012526825 1.0 
0.201388888889 1.00008620341 1.0 
0.202083333333 1.00009997098 1.0 
0.202777777778 0.999988786282 1.0 
0.203472222222 1.00003025967 1.0 
0.204166666667 0.999799512932 1.0 
0.204861111111 1.00016204802 1.0 
0.205555555556 1.00010173357 1.0 
0.20625 0.999971305378 1.0 
0.206944444444 1.00002571772 1.0 
0.207638888889 1.00020916848 1.0 
0.208333333333 0.999998055338 1.0 
0.209027777778 1.00003277082 1.0 
0.209722222222 1.00007568669 1.0 
0.210416666667 1.00003033523 1.0 
0.211111111111 1.00002971459 1.0 
0.211805555556 1.0002067779 1.0 
0.2125 0.999939243942 1.0 
0.213194444444 0.999844720951 1.0 
0.213888888889 1.00009857829 1.0 
0.214583333333 1.0002783141 1.0 
0.215277777778 0.999975162094 1.0 
0.215972222222 0.999916255352 1.0 
0.216666666667 0.999881280011 1.0 
0.217361111111 0.999899027301 1.0 
0.218055555556 0.999852889463 1.0 
0.21875 0.999793633393 1.0 
0.219444444444 0.999841553279 1.0 
0.220138888889 0.999520351709 1.0 
0.220833333333 0.999764715343 1.0 
0.221527777778 0.999561065051 1.0 
0.222222222222 0.999561878762 1.0 
0.222916666667 0.999296736029 1.0 
0.223611111111 0.999330378039 1.0 
0.224305555556 0.999414579065 1.0 
0.225 0.999200355686 1.0 
0.225694444444 0.999213399729 1.0 
0.226388888889 0.999100240918 1.0 
0.227083333333 0.998977614175 1.0 
0.227777777778 0.998994472446 1.0 
0.228472222222 0.99889706826 1.0 
0.229166666667 0.998690713455 1.0 
0.229861111111 0.998594445146 1.0 
0.230555555556 0.998686827246 1.0 
0.23125 0.998679260822 1.0 
0.231944444444 0.99859327793 1.0 
0.232638888889 0.998262149222 1.0 
0.233333333333 0.998237704589 1.0 
0.234027777778 0.998074678234 1.0 
0.234722222222 0.998172022355 1.0 
0.235416666667 0.998083124061 1.0 
0.236111111111 0.99777285031 1.0 
0.236805555556 0.997669681872 1.0 
0.2375 0.997678041661 1.0 
0.238194444444 0.997627461581 1.0 
0.238888888889 0.997480945903 1.0 
0.239583333333 0.997514688253 1.0 
0.240277777778 0.997168961274 1.0 
0.240972222222 0.997065210562 1.0 
0.241666666667 0.997015880514 1.0 
0.242361111111 0.996972440285 1.0 
0.243055555556 0.996725249086 1.0 
0.24375 0.996679592791 1.0 
0.244444444444 0.99655960727 1.0 
0.245138888889 0.996483765826 1.0 
0.245833333333 0.996493900863 1.0 
0.246527777778 0.996270105723 1.0 
0.247222222222 0.996357139941 1.0 
0.247916666667 0.996089933627 1.0 
0.248611111111 0.995948907409 1.0 
0.249305555556 0.995823422199 1.0 
0.25 0.995572758193 1.0 
0.250694444444 0.995624660258 1.0 
0.251388888889 0.995626312936 1.0 
0.252083333333 0.995271491471 1.0 
0.252777777778 0.995208796567 1.0 
0.253472222222 0.995292119292 1.0 
0.254166666667 0.994994141424 1.0 
0.254861111111 0.994878724734 1.0 
0.255555555556 0.994735328498 1.0 
0.25625 0.994628788274 1.0 
0.256944444444 0.994372858212 1.0 
0.257638888889 0.994495337806 1.0 
0.258333333333 0.99421292591 1.0 
0.259027777778 0.994481478071 1.0 
0.259722222222 0.994115984375 1.0 
0.260416666667 0.99411837937 1.0 
0.261111111111 0.993959463296 1.0 
0.261805555556 0.993640923182 1.0 
0.2625 0.993794856474 1.0 
0.263194444444 0.993733950399 1.0 
0.263888888889 0.993487875549 1.0 
0.264583333333 0.993332873052 1.0 
0.265277777778 0.993311345229 1.0 
0.265972222222 0.993271878501 1.0 
0.266666666667 0.992984345518 1.0 
0.267361111111 0.992994254676 1.0 
0.268055555556 0.992929953437 1.0 
0.26875 0.992723404746 1.0 
0.269444444444 0.992726050292 1.0 
0.270138888889 0.992604851125 1.0 
0.270833333333 0.992590345002 1.0 
0.271527777778 0.992400255572 1.0 
0.272222222222 0.992313367451 1.0 
0.272916666667 0.99248320216 1.0 
0.273611111111 0.992166798094 1.0 
0.274305555556 0.991961631201 1.0 
0.275 0.991933639162 1.0 
0.275694444444 0.991831310224 1.0 
0.276388888889 0.991938651019 1.0 
0.277083333333 0.991829865566 1.0 
0.277777777778 0.991876787284 1.0 
0.278472222222 0.991338287722 1.0 
0.279166666667 0.991561403549 1.0 
0.279861111111 0.991537473056 1.0 
0.280555555556 0.991445701571 1.0 
0.28125 0.991325556471 1.0 
0.281944444444 0.991501063094 1.0 
0.282638888889 0.991332847021 1.0 
0.283333333333 0.991428445104 1.0 
0.284027777778 0.991250874042 1.0 
0.284722222222 0.991236841774 1.0 
0.285416666667 0.991223789075 1.0 
0.286111111111 0.990946365842 1.0 
0.286805555556 0.991068827493 1.0 
0.2875 0.991044636843 1.0 
0.288194444444 0.990958723287 1.0 
0.288888888889 0.990967388943 1.0 
0.289583333333 0.991000477236 1.0 
0.290277777778 0.991042459043 1.0 
0.290972222222 0.990969932316 1.0 
0.291666666667 0.990925710937 1.0 
0.292361111111 0.990799451222 1.0 
0.293055555556 0.991001441554 1.0 
0.29375 0.990799643251 1.0 
0.294444444444 0.990939043187 1.0 
0.295138888889 0.990668508769 1.0 
0.295833333333 0.990893330443 1.0 
0.296527777778 0.990692442209 1.0 
0.297222222222 0.99064754585 1.0 
0.297916666667 0.990766879487 1.0 
0.298611111111 0.99073579078 1.0 
0.299305555556 0.990953835226 1.0 
0.3 0.990569254868 1.0 
0.300694444444 0.990744434266 1.0 
0.301388888889 0.990654703414 1.0 
0.302083333333 0.990633414784 1.0 
0.302777777778 0.990612465608 1.0 
0.303472222222 0.990432577752 1.0 
0.304166666667 0.990337399551 1.0 
0.304861111111 0.990371505723 1.0 
0.305555555556 0.990281991969 1.0 
0.30625 0.990510378966 1.0 
0.306944444444 0.990567752092 1.0 
0.307638888889 0.990635034721 1.0 
0.308333333333 0.990359849325 1.0 
0.309027777778 0.990438912146 1.0 
0.309722222222 0.990239074854 1.0 
0.310416666667 0.990343404253 1.0 
0.311111111111 0.990466625866 1.0 
0.311805555556 0.990268360813 1.0 
0.3125 0.990470574804 1.0 
0.313194444444 0.990401693858 1.0 
0.313888888889 0.990431895342 1.0 
0.314583333333 0.990359634871 1.0 
0.315277777778 0.99014331856 1.0 
0.315972222222 0.990469240394 1.0 
0.316666666667 0.990133895433 1.0 
0.317361111111 0.990256283498 1.0 
0.318055555556 0.990343595148 1.0 
0.31875 0.990080593902 1.0 
0.319444444444 0.990147811841 1.0 
0.320138888889 0.990195390057 1.0 
0.320833333333 0.990246244372 1.0 
0.321527777778 0.990269178062 1.0 
0.322222222222 0.99014405368 1.0 
0.322916666667 0.989971187687 1.0 
0.323611111111 0.990129740079 1.0 
0.324305555556 0.990095001768 1.0 
0.325 0.990226588314 1.0 
0.325694444444 0.990019464154 1.0 
0.326388888889 0.990039142748 1.0 
0.327083333333 0.990062191538 1.0 
0.327777777778 0.990008338682 1.0 
0.328472222222 0.990030070078 1.0 
0.329166666667 0.989999763677 1.0 
0.329861111111 0.990118371217 1.0 
0.330555555556 0.989880220141 1.0 
0.33125 0.989940861684 1.0 
0.331944444444 0.99005739919 1.0 
0.332638888889 0.989897033511 1.0 
0.333333333333 0.989812260546 1.0 
0.334027777778 0.989871884291 1.0 
0.334722222222 0.989815158662 1.0 
0.335416666667 0.989828293821 1.0 
0.336111111111 0.989935198294 1.0 
0.336805555556 0.989834116154 1.0 
0.3375 0.98990374149 1.0 
0.338194444444 0.990027744702 1.0 
0.338888888889 0.989935054098 1.0 
0.339583333333 0.989865715216 1.0 
0.340277777778 0.989628623446 1.0 
0.340972222222 0.989786056976 1.0 
0.341666666667 0.989770241278 1.0 
0.342361111111 0.989804936778 1.0 
0.343055555556 0.989884619682 1.0 
0.34375 0.989904464288 1.0 
0.344444444444 0.989683662677 1.0 
0.345138888889 0.989913486264 1.0 
0.345833333333 0.989882949793 1.0 
0.346527777778 0.989873813202 1.0 
0.347222222222 0.989713889738 1.0 
0.347916666667 0.989925564601 1.0 
0.348611111111 0.98964190167 1.0 
0.349305555556 0.989748569283 1.0 
0.35 0.989664109085 1.0 
0.350694444444 0.98989298735 1.0 
0.351388888889 0.989561485859 1.0 
0.352083333333 0.989712983524 1.0 
0.352777777778 0.989714132936 1.0 
0.353472222222 0.989812919855 1.0 
0.354166666667 0.989781630304 1.0 
0.354861111111 0.989847906164 1.0 
0.355555555556 0.989631267066 1.0 
0.35625 0.989685016085 1.0 
0.356944444444 0.989735003934 1.0 
0.357638888889 0.989464013181 1.0 
0.358333333333 0.989692602428 1.0 
0.359027777778 0.989554402071 1.0 
0.359722222222 0.989549149733 1.0 
0.360416666667 0.989532648101 1.0 
0.361111111111 0.98978870749 1.0 
0.361805555556 0.989570941726 1.0 
0.3625 0.989689267784 1.0 
0.363194444444 0.98952020244 1.0 
0.363888888889 0.989567602405 1.0 
0.364583333333 0.989539083323 1.0 
0.365277777778 0.989613562446 1.0 
0.365972222222 0.98936437671 1.0 
0.366666666667 0.989409083881 1.0 
0.367361111111 0.989648939971 1.0 
0.368055555556 0.989268303653 1.0 
0.36875 0.989749789083 1.0 
0.369444444444 0.989536381678 1.0 
0.370138888889 0.989581126798 1.0 
0.370833333333 0.989580813995 1.0 
0.371527777778 0.989556045907 1.0 
0.372222222222 0.989543245815 1.0 
0.372916666667 0.98949655677 1.0 
0.373611111111 0.989373355346 1.0 
0.374305555556 0.989280616732 1.0 
0.375 0.989428915649 1.0 
0.375694444444 0.989437433896 1.0 
0.376388888889 0.98944921159 1.0 
0.377083333333 0.989597613504 1.0 
0.377777777778 0.989404292099 1.0 
0.378472222222 0.989410552376 1.0 
0.379166666667 0.989359076527 1.0 
0.379861111111 0.989536212266 1.0 
0.380555555556 0.989424941233 1.0 
0.38125 0.989290211538 1.0 
0.381944444444 0.989461797257 1.0 
0.382638888889 0.989407578992 1.0 
0.383333333333 0.989477003862 1.0 
0.384027777778 0.98934666685 1.0 
0.384722222222 0.989479026382 1.0 
0.385416666667 0.989373422616 1.0 
0.386111111111 0.989490194347 1.0 
0.386805555556 0.989359837813 1.0 
0.3875 0.989328422813 1.0 
0.388194444444 0.989357694803 1.0 
0.388888888889 0.989248283952 1.0 
0.389583333333 0.989056548169 1.0 
0.390277777778 0.989179985624 1.0 
0.390972222222 0.989252856463 1.0 
0.391666666667 0.98915979242 1.0 
0.392361111111 0.989602316464 1.0 
0.393055555556 0.989225950414 1.0 
0.39375 0.989197891941 1.0 
0.394444444444 0.989298414177 1.0 
0.395138888889 0.989252900189 1.0 
0.395833333333 0.989345702719 1.0 
0.396527777778 0.989432743887 1.0 
0.397222222222 0.98928041148 1.0 
0.397916666667 0.989320655938 1.0 
0.398611111111 0.989375067343 1.0 
0.399305555556 0.989186635485 1.0 
0.4 0.989165681515 1.0 
0.400694444444 0.989214519591 1.0 
0.401388888889 0.9893446795 1.0 
0.402083333333 0.989369109763 1.0 
0.402777777778 0.989298675603 1.0 
0.403472222222 0.989156719631 1.0 
0.404166666667 0.989170127697 1.0 
0.404861111111 0.98925146668 1.0 
0.405555555556 0.989272405124 1.0 
0.40625 0.989132206148 1.0 
0.406944444444 0.98919952657 1.0 
0.407638888889 0.989285824118 1.0 
0.408333333333 0.989196578937 1.0 
0.409027777778 0.989293038545 1.0 
0.409722222222 0.989220414822 1.0 
0.410416666667 0.989157557777 1.0 
0.411111111111 0.989004581455 1.0 
0.411805555556 0.98912294144 1.0 
0.4125 0.989181064284 1.0 
0.413194444444 0.989366502241 1.0 
0.413888888889 0.989198680606 1.0 
0.414583333333 0.989214646902 1.0 
0.415277777778 0.989308413758 1.0 
0.415972222222 0.989181230483 1.0 
0.416666666667 0.989261393249 1.0 
0.417361111111 0.988928638412 1.0 
0.418055555556 0.989128740732 1.0 
0.41875 0.989174092733 1.0 
0.419444444444 0.989176256531 1.0 
0.420138888889 0.989258379583 1.0 
0.420833333333 0.98917500685 1.0 
0.421527777778 0.989203685743 1.0 
0.422222222222 0.989209235342 1.0 
0.422916666667 0.989168837309 1.0 
0.423611111111 0.989229288585 1.0 
0.424305555556 0.989319165784 1.0 
0.425 0.989223931474 1.0 
0.425694444444 0.989197363335 1.0 
0.426388888889 0.989079564635 1.0 
0.427083333333 0.989127335553 1.0 
0.427777777778 0.989141799926 1.0 
0.428472222222 0.989233228698 1.0 
0.429166666667 0.989015537519 1.0 
0.429861111111 0.989120616611 1.0 
0.430555555556 0.988955101431 1.0 
0.43125 0.988927733603 1.0 
0.431944444444 0.989168882763 1.0 
0.432638888889 0.989157013176 1.0 
0.433333333333 0.989022733424 1.0 
0.434027777778 0.989127816887 1.0 
0.434722222222 0.989088121713 1.0 
0.435416666667 0.988911017922 1.0 
0.436111111111 0.989154952649 1.0 
0.436805555556 0.989060634498 1.0 
0.4375 0.989139854156 1.0 
0.438194444444 0.989214846694 1.0 
0.438888888889 0.988922744186 1.0 
0.439583333333 0.988826998156 1.0 
0.440277777778 0.989224695149 1.0 
0.440972222222 0.989100652496 1.0 
0.441666666667 0.988889327224 1.0 
0.442361111111 0.989133012059 1.0 
0.443055555556 0.989230130363 1.0 
0.44375 0.988843153016 1.0 
0.444444444444 0.989048528317 1.0 
0.445138888889 0.989020983581 1.0 
0.445833333333 0.988982960878 1.0 
0.446527777778 0.989036916137 1.0 
0.447222222222 0.988906742472 1.0 
0.447916666667 0.989321451399 1.0 
0.448611111111 0.9889801589 1.0 
0.449305555556 0.98899840547 1.0 
0.45 0.988860144557 1.0 
0.450694444444 0.989061724093 1.0 
0.451388888889 0.989244071603 1.0 
0.452083333333 0.98903193224 1.0 
0.452777777778 0.98894103641 1.0 
0.453472222222 0.989114820546 1.0 
0.454166666667 0.989144078165 1.0 
0.454861111111 0.988865876891 1.0 
0.455555555556 0.989059497518 1.0 
0.45625 0.988941649122 1.0 
0.456944444444 0.988906387089 1.0 
0.457638888889 0.988959487807 1.0 
0.458333333333 0.988865664854 1.0 
0.459027777778 0.988996537847 1.0 
0.459722222222 0.988826403455 1.0 
0.460416666667 0.988910874387 1.0 
0.461111111111 0.989043160087 1.0 
0.461805555556 0.98901075941 1.0 
0.4625 0.988972795768 1.0 
0.463194444444 0.988940281953 1.0 
0.463888888889 0.9889744315 1.0 
0.464583333333 0.988927652166 1.0 
0.465277777778 0.989024786217 1.0 
0.465972222222 0.989077207141 1.0 
0.466666666667 0.989034861875 1.0 
0.467361111111 0.988985310675 1.0 
0.468055555556 0.988841811772 1.0 
0.46875 0.989075040685 1.0 
0.469444444444 0.988812844882 1.0 
0.470138888889 0.989147207744 1.0 
0.470833333333 0.988897774852 1.0 
0.471527777778 0.989004575123 1.0 
0.472222222222 0.988874381377 1.0 
0.472916666667 0.988779073702 1.0 
0.473611111111 0.989092470333 1.0 
0.474305555556 0.988953075798 1.0 
0.475 0.989030873368 1.0 
0.475694444444 0.989014246016 1.0 
0.476388888889 0.988874709679 1.0 
0.477083333333 0.988877792204 1.0 
0.477777777778 0.989080786066 1.0 
0.478472222222 0.988886924032 1.0 
0.479166666667 0.989077646372 1.0 
0.479861111111 0.988865284698 1.0 
0.480555555556 0.988995243299 1.0 
0.48125 0.988870629909 1.0 
0.481944444444 0.988924909081 1.0 
0.482638888889 0.988841495785 1.0 
0.483333333333 0.989001784269 1.0 
0.484027777778 0.98912552539 1.0 
0.484722222222 0.988806788106 1.0 
0.485416666667 0.989015689968 1.0 
0.486111111111 0.988881670919 1.0 
0.486805555556 0.988933506945 1.0 
0.4875 0.9890322043 1.0 
0.488194444444 0.988886936611 1.0 
0.488888888889 0.988933066334 1.0 
0.489583333333 0.989027850656 1.0 
0.490277777778 0.98896597993 1.0 
0.490972222222 0.988973234849 1.0 
0.491666666667 0.989102414167 1.0 
0.492361111111 0.988875662087 1.0 
0.493055555556 0.988899114775 1.0 
0.49375 0.988881792212 1.0 
0.494444444444 0.98904721949 1.0 
0.495138888889 0.989127206908 1.0 
0.495833333333 0.989045609197 1.0 
0.496527777778 0.988806079992 1.0 
0.497222222222 0.988999832935 1.0 
0.497916666667 0.988912110938 1.0 
0.498611111111 0.988926591834 1.0 
0.499305555556 0.989136624768 1.0 
0.5 0.988889194975 1.0 
0.500694444444 0.988975514751 1.0 
0.501388888889 0.989000588487 1.0 
0.502083333333 0.988968938964 1.0 
0.502777777778 0.988941379425 1.0 
0.503472222222 0.989039431773 1.0 
0.504166666667 0.989012448686 1.0 
0.504861111111 0.988750121951 1.0 
0.505555555556 0.988974795602 1.0 
0.50625 0.988959207069 1.0 
0.506944444444 0.988911286123 1.0 
0.507638888889 0.988934629671 1.0 
0.508333333333 0.989002403701 1.0 
0.509027777778 0.989148069152 1.0 
0.509722222222 0.988990666693 1.0 
0.510416666667 0.988785868642 1.0 
0.511111111111 0.988975587352 1.0 
0.511805555556 0.988828280974 1.0 
0.5125 0.988901139281 1.0 
0.513194444444 0.98888759063 1.0 
0.513888888889 0.988906626171 1.0 
0.514583333333 0.989044878233 1.0 
0.515277777778 0.989199725502 1.0 
0.515972222222 0.988943966794 1.0 
0.516666666667 0.988964416637 1.0 
0.517361111111 0.98896609297 1.0 
0.518055555556 0.989075159856 1.0 
0.51875 0.988869367301 1.0 
0.519444444444 0.988967923031 1.0 
0.520138888889 0.989021870057 1.0 
0.520833333333 0.988847117744 1.0 
0.521527777778 0.988966124845 1.0 
0.522222222222 0.989171834105 1.0 
0.522916666667 0.988933525553 1.0 
0.523611111111 0.989030210536 1.0 
0.524305555556 0.989127636595 1.0 
0.525 0.98907916076 1.0 
0.525694444444 0.989077257597 1.0 
0.526388888889 0.989006906749 1.0 
0.527083333333 0.988911804118 1.0 
0.527777777778 0.989084906582 1.0 
0.528472222222 0.988854084419 1.0 
0.529166666667 0.9889841882 1.0 
0.529861111111 0.989055992575 1.0 
0.530555555556 0.989177019223 1.0 
0.53125 0.989102282227 1.0 
0.531944444444 0.989020670058 1.0 
0.532638888889 0.989008886197 1.0 
0.533333333333 0.989139721787 1.0 
0.534027777778 0.989096012852 1.0 
0.534722222222 0.988869748853 1.0 
0.535416666667 0.988945702126 1.0 
0.536111111111 0.989033232873 1.0 
0.536805555556 0.988914551058 1.0 
0.5375 0.989007436819 1.0 
0.538194444444 0.989084602015 1.0 
0.538888888889 0.988828556447 1.0 
0.539583333333 0.989134392277 1.0 
0.540277777778 0.988900870003 1.0 
0.540972222222 0.989046737888 1.0 
0.541666666667 0.989220970465 1.0 
0.542361111111 0.989088660305 1.0 
0.543055555556 0.989026477455 1.0 
0.54375 0.988908736531 1.0 
0.544444444444 0.98894212665 1.0 
0.545138888889 0.989093623741 1.0 
0.545833333333 0.989152236123 1.0 
0.546527777778 0.989072971822 1.0 
0.547222222222 0.988903436407 1.0 
0.547916666667 0.989071433114 1.0 
0.548611111111 0.989069369541 1.0 
0.549305555556 0.988898266168 1.0 
0.55 0.989037501437 1.0 
0.550694444444 0.989126966906 1.0 
0.551388888889 0.989069273873 1.0 
0.552083333333 0.989009719917 1.0 
0.552777777778 0.989044269336 1.0 
0.553472222222 0.98899007396 1.0 
0.554166666667 0.989207661414 1.0 
0.554861111111 0.988960648545 1.0 
0.555555555556 0.98904201976 1.0 
0.55625 0.989121607961 1.0 
0.556944444444 0.989106863473 1.0 
0.557638888889 0.988950079687 1.0 
0.558333333333 0.989117902953 1.0 
0.559027777778 0.989037745605 1.0 
0.559722222222 0.989104712707 1.0 
0.560416666667 0.989092981942 1.0 
0.561111111111 0.989065337245 1.0 
0.561805555556 0.989133231073 1.0 
0.5625 0.989076231712 1.0 
0.563194444444 0.989427551377 1.0 
0.563888888889 0.989082115392 1.0 
0.564583333333 0.988827057866 1.0 
0.565277777778 0.989204887261 1.0 
0.565972222222 0.989064013178 1.0 
0.566666666667 0.989035231932 1.0 
0.567361111111 0.989152642872 1.0 
0.568055555556 0.989133859118 1.0 
0.56875 0.988970960802 1.0 
0.569444444444 0.989110236943 1.0 
0.570138888889 0.989105055046 1.0 
0.570833333333 0.989143489143 1.0 
0.571527777778 0.989081552899 1.0 
0.572222222222 0.988925452461 1.0 
0.572916666667 0.989226856565 1.0 
0.573611111111 0.989169137146 1.0 
0.574305555556 0.989170010823 1.0 
0.575 0.989047560613 1.0 
0.575694444444 0.98917205919 1.0 
0.576388888889 0.98902119655 1.0 
0.577083333333 0.989075604861 1.0 
0.577777777778 0.98925091694 1.0 
0.578472222222 0.989248901273 1.0 
0.579166666667 0.989108820934 1.0 
0.579861111111 0.989242000088 1.0 
0.580555555556 0.989202909675 1.0 
0.58125 0.989031108056 1.0 
0.581944444444 0.989128800311 1.0 
0.582638888889 0.989071597661 1.0 
0.583333333333 0.989141222656 1.0 
0.584027777778 0.989317551042 1.0 
0.584722222222 0.989243901296 1.0 
0.585416666667 0.989270957984 1.0 
0.586111111111 0.989213364684 1.0 
0.586805555556 0.989009353775 1.0 
0.5875 0.989256732342 1.0 
0.588194444444 0.989088210491 1.0 
0.588888888889 0.98929093994 1.0 
0.589583333333 0.989309498894 1.0 
0.590277777778 0.989226066294 1.0 
0.590972222222 0.988993529166 1.0 
0.591666666667 0.989159114185 1.0 
0.592361111111 0.989284402501 1.0 
0.593055555556 0.989206627491 1.0 
0.59375 0.989230315627 1.0 
0.594444444444 0.989270998636 1.0 
0.595138888889 0.989295631012 1.0 
0.595833333333 0.98921873478 1.0 
0.596527777778 0.98930997167 1.0 
0.597222222222 0.989279797581 1.0 
0.597916666667 0.989258681329 1.0 
0.598611111111 0.989263750621 1.0 
0.599305555556 0.989313878739 1.0 
0.6 0.989283767645 1.0 
0.600694444444 0.989351851632 1.0 
0.601388888889 0.989297600282 1.0 
0.602083333333 0.989276046272 1.0 
0.602777777778 0.989288135819 1.0 
0.603472222222 0.989256548685 1.0 
0.604166666667 0.989331161767 1.0 
0.604861111111 0.989258897999 1.0 
0.605555555556 0.989459156069 1.0 
0.60625 0.989358057872 1.0 
0.606944444444 0.989597719798 1.0 
0.607638888889 0.989453586458 1.0 
0.608333333333 0.989266468883 1.0 
0.609027777778 0.989402327549 1.0 
0.609722222222 0.989316184428 1.0 
0.610416666667 0.989225035223 1.0 
0.611111111111 0.989396757792 1.0 
0.611805555556 0.989434270676 1.0 
0.6125 0.989512977842 1.0 
0.613194444444 0.989230050447 1.0 
0.613888888889 0.989333541539 1.0 
0.614583333333 0.989243630242 1.0 
0.615277777778 0.989483723077 1.0 
0.615972222222 0.989427877695 1.0 
0.616666666667 0.989336880023 1.0 
0.617361111111 0.989444514966 1.0 
0.618055555556 0.989499829412 1.0 
0.61875 0.989452463296 1.0 
0.619444444444 0.989375320968 1.0 
0.620138888889 0.989291193521 1.0 
0.620833333333 0.989529139361 1.0 
0.621527777778 0.989520091876 1.0 
0.622222222222 0.989516532205 1.0 
0.622916666667 0.989482132897 1.0 
0.623611111111 0.989544295682 1.0 
0.624305555556 0.989602414054 1.0 
0.625 0.989550244522 1.0 
0.625694444444 0.989514134112 1.0 
0.626388888889 0.989473822524 1.0 
0.627083333333 0.989425883415 1.0 
0.627777777778 0.989435063088 1.0 
0.628472222222 0.98947000746 1.0 
0.629166666667 0.989479673429 1.0 
0.629861111111 0.989457133218 1.0 
0.630555555556 0.989658942211 1.0 
0.63125 0.989475120401 1.0 
0.631944444444 0.98953373244 1.0 
0.632638888889 0.989750194651 1.0 
0.633333333333 0.989625120614 1.0 
0.634027777778 0.989580979546 1.0 
0.634722222222 0.989553127726 1.0 
0.635416666667 0.989614539676 1.0 
0.636111111111 0.989736256438 1.0 
0.636805555556 0.989472338809 1.0 
0.6375 0.989623798981 1.0 
0.638194444444 0.98961302895 1.0 
0.638888888889 0.989652810724 1.0 
0.639583333333 0.989461243246 1.0 
0.640277777778 0.989789454622 1.0 
0.640972222222 0.989637718957 1.0 
0.641666666667 0.989765248383 1.0 
0.642361111111 0.989786523065 1.0 
0.643055555556 0.989648006288 1.0 
0.64375 0.989782992646 1.0 
0.644444444444 0.989791980578 1.0 
0.645138888889 0.989678932297 1.0 
0.645833333333 0.989851606194 1.0 
0.646527777778 0.989671842543 1.0 
0.647222222222 0.989741127794 1.0 
0.647916666667 0.989579028953 1.0 
0.648611111111 0.989777494184 1.0 
0.649305555556 0.989835110897 1.0 
0.65 0.989824133337 1.0 
0.650694444444 0.989854683875 1.0 
0.651388888889 0.989908327284 1.0 
0.652083333333 0.98973660165 1.0 
0.652777777778 0.989859549244 1.0 
0.653472222222 0.989777660685 1.0 
0.654166666667 0.989783690243 1.0 
0.654861111111 0.989725597026 1.0 
0.655555555556 0.989835555925 1.0 
0.65625 0.989922679004 1.0 
0.656944444444 0.989802678802 1.0 
0.657638888889 0.989821700234 1.0 
0.658333333333 0.989864258082 1.0 
0.659027777778 0.989844945318 1.0 
0.659722222222 0.989888831323 1.0 
0.660416666667 0.989965222382 1.0 
0.661111111111 0.98994619012 1.0 
0.661805555556 0.989820871028 1.0 
0.6625 0.989965164835 1.0 
0.663194444444 0.990065527719 1.0 
0.663888888889 0.989931371676 1.0 
0.664583333333 0.989856716512 1.0 
0.665277777778 0.990009387742 1.0 
0.665972222222 0.989986590466 1.0 
0.666666666667 0.989787418454 1.0 
0.667361111111 0.990000549863 1.0 
0.668055555556 0.9899966286 1.0 
0.66875 0.989976707605 1.0 
0.669444444444 0.990153354955 1.0 
0.670138888889 0.990035673299 1.0 
0.670833333333 0.990180152811 1.0 
0.671527777778 0.990136714298 1.0 
0.672222222222 0.990116811225 1.0 
0.672916666667 0.990250530584 1.0 
0.673611111111 0.990114620576 1.0 
0.674305555556 0.989931959302 1.0 
0.675 0.990167143361 1.0 
0.675694444444 0.990185365726 1.0 
0.676388888889 0.990164055494 1.0 
0.677083333333 0.990243900667 1.0 
0.677777777778 0.990147168125 1.0 
0.678472222222 0.990185656927 1.0 
0.679166666667 0.990302765434 1.0 
0.679861111111 0.990132532284 1.0 
0.680555555556 0.990272537772 1.0 
0.68125 0.99021280573 1.0 
0.681944444444 0.990395805119 1.0 
0.682638888889 0.990322660751 1.0 
0.683333333333 0.990352666326 1.0 
0.684027777778 0.990396517657 1.0 
0.684722222222 0.990284281621 1.0 
0.685416666667 0.990484540699 1.0 
0.686111111111 0.990444637791 1.0 
0.686805555556 0.990487957303 1.0 
0.6875 0.990475532213 1.0 
0.688194444444 0.990476963542 1.0 
0.688888888889 0.99034322247 1.0 
0.689583333333 0.99049621346 1.0 
0.690277777778 0.990430013855 1.0 
0.690972222222 0.990610114969 1.0 
0.691666666667 0.99047790872 1.0 
0.692361111111 0.990624309879 1.0 
0.693055555556 0.9907923161 1.0 
0.69375 0.990448345921 1.0 
0.694444444444 0.990620461569 1.0 
0.695138888889 0.990808788397 1.0 
0.695833333333 0.990494683796 1.0 
0.696527777778 0.990521777347 1.0 
0.697222222222 0.990450065019 1.0 
0.697916666667 0.990721330289 1.0 
0.698611111111 0.990934649785 1.0 
0.699305555556 0.990674827999 1.0 
0.7 0.99090282584 1.0 
0.700694444444 0.990864220065 1.0 
0.701388888889 0.990761844224 1.0 
0.702083333333 0.991012991154 1.0 
0.702777777778 0.990779394608 1.0 
0.703472222222 0.990745986937 1.0 
0.704166666667 0.990626763682 1.0 
0.704861111111 0.991220778314 1.0 
0.705555555556 0.991079296904 1.0 
0.70625 0.990762179923 1.0 
0.706944444444 0.990980639517 1.0 
0.707638888889 0.991050997205 1.0 
0.708333333333 0.991014910542 1.0 
0.709027777778 0.991165056372 1.0 
0.709722222222 0.991092305987 1.0 
0.710416666667 0.990961105223 1.0 
0.711111111111 0.991033375762 1.0 
0.711805555556 0.991117837095 1.0 
0.7125 0.991123745073 1.0 
0.713194444444 0.991293199231 1.0 
0.713888888889 0.991100880691 1.0 
0.714583333333 0.991144338386 1.0 
0.715277777778 0.991284852597 1.0 
0.715972222222 0.991439378001 1.0 
0.716666666667 0.991246531782 1.0 
0.717361111111 0.991520183071 1.0 
0.718055555556 0.991520409824 1.0 
0.71875 0.991466027224 1.0 
0.719444444444 0.991412503274 1.0 
0.720138888889 0.991739300002 1.0 
0.720833333333 0.991826185387 1.0 
0.721527777778 0.991495120119 1.0 
0.722222222222 0.991791338299 1.0 
0.722916666667 0.991813739917 1.0 
0.723611111111 0.991945699248 1.0 
0.724305555556 0.991982368931 1.0 
0.725 0.991824439441 1.0 
0.725694444444 0.992189424487 1.0 
0.726388888889 0.992016912429 1.0 
0.727083333333 0.992273281339 1.0 
0.727777777778 0.99229437639 1.0 
0.728472222222 0.992368245571 1.0 
0.729166666667 0.992532155915 1.0 
0.729861111111 0.992768301736 1.0 
0.730555555556 0.992966370416 1.0 
0.73125 0.992896902945 1.0 
0.731944444444 0.992758883255 1.0 
0.732638888889 0.993024204277 1.0 
0.733333333333 0.993148416389 1.0 
0.734027777778 0.993413636404 1.0 
0.734722222222 0.993284875094 1.0 
0.735416666667 0.99362297561 1.0 
0.736111111111 0.993568392971 1.0 
0.736805555556 0.993631903584 1.0 
0.7375 0.993723577684 1.0 
0.738194444444 0.994042764701 1.0 
0.738888888889 0.994099035193 1.0 
0.739583333333 0.994329059774 1.0 
0.740277777778 0.994411679223 1.0 
0.740972222222 0.994312209127 1.0 
0.741666666667 0.994421085371 1.0 
0.742361111111 0.994635775902 1.0 
0.743055555556 0.994718356221 1.0 
0.74375 0.994734238631 1.0 
0.744444444444 0.994947825956 1.0 
0.745138888889 0.995130292546 1.0 
0.745833333333 0.995241707961 1.0 
0.746527777778 0.995242818311 1.0 
0.747222222222 0.995502085327 1.0 
0.747916666667 0.995399299581 1.0 
0.748611111111 0.995671725942 1.0 
0.749305555556 0.995685892146 1.0 
0.75 0.995661092063 1.0 
0.750694444444 0.996018780244 1.0 
0.751388888889 0.996050716553 1.0 
0.752083333333 0.996101699624 1.0 
0.752777777778 0.996366514576 1.0 
0.753472222222 0.996333867004 1.0 
0.754166666667 0.996391283823 1.0 
0.754861111111 0.996650832468 1.0 
0.755555555556 0.996854164435 1.0 
0.75625 0.99673992957 1.0 
0.756944444444 0.996994178018 1.0 
0.757638888889 0.996983939605 1.0 
0.758333333333 0.997123059583 1.0 
0.759027777778 0.997202019766 1.0 
0.759722222222 0.997418838574 1.0 
0.760416666667 0.997532575821 1.0 
0.761111111111 0.997602565533 1.0 
0.761805555556 0.997725936505 1.0 
0.7625 0.997529854306 1.0 
0.763194444444 0.997772421495 1.0 
0.763888888889 0.997943994651 1.0 
0.764583333333 0.997986169244 1.0 
0.765277777778 0.998072778399 1.0 
0.765972222222 0.998187143062 1.0 
0.766666666667 0.998509339161 1.0 
0.767361111111 0.998378075828 1.0 
0.768055555556 0.998605815764 1.0 
0.76875 0.998756243007 1.0 
0.769444444444 0.998585602876 1.0 
0.770138888889 0.998737534348 1.0 
0.770833333333 0.998772181365 1.0 
0.771527777778 0.998862941276 1.0 
0.772222222222 0.99906858192 1.0 
0.772916666667 0.999100063073 1.0 
0.773611111111 0.999178675064 1.0 
0.774305555556 0.999189057466 1.0 
0.775 0.999118684996 1.0 
0.775694444444 0.999454371161 1.0 
0.776388888889 0.999461714164 1.0 
0.777083333333 0.999687518746 1.0 
0.777777777778 0.999726812351 1.0 
0.778472222222 0.999632240001 1.0 
0.779166666667 0.999723389091 1.0 
0.779861111111 0.999733845908 1.0 
0.780555555556 0.999623561512 1.0 
0.78125 0.999899695512 1.0 
0.781944444444 0.999919448192 1.0 
0.782638888889 0.999972726445 1.0 
0.783333333333 0.999922487946 1.0 
0.784027777778 1.00009830798 1.0 
0.784722222222 0.999952221785 1.0 
0.785416666667 1.0000346362 1.0 
0.786111111111 1.00038760606 1.0 
0.786805555556 1.00009078547 1.0 
0.7875 1.0001138627 1.0 
0.788194444444 1.00031568006 1.0 
0.788888888889 0.999982721922 1.0 
0.789583333333 1.00006227638 1.0 
0.790277777778 1.00032895906 1.0 
0.790972222222 1.00006689917 1.0 
0.791666666667 1.00008458211 1.0 
0.792361111111 1.00031663672 1.0 
0.793055555556 1.00016374139 1.0 
0.79375 1.00018423865 1.0 
0.794444444444 1.00009941834 1.0 
0.795138888889 1.00001873571 1.0 
0.795833333333 1.00015798132 1.0 
0.796527777778 1.00020155796 1.0 
0.797222222222 1.0001365455 1.0 
0.797916666667 1.00016453964 1.0 
0.798611111111 1.00008780973 1.0 
0.799305555556 1.00030785796 1.0 
0.8 1.0002931059 1.0 
0.800694444444 1.00017679994 1.0 
0.801388888889 1.00030849418 1.0 
0.802083333333 1.00007092534 1.0 
0.802777777778 1.0003538841 1.0 
0.803472222222 1.00019752185 1.0 
0.804166666667 1.00023811886 1.0 
0.804861111111 1.00025566744 1.0 
0.805555555556 1.00032299515 1.0 
0.80625 1.00010942315 1.0 
0.806944444444 1.00022659227 1.0 
0.807638888889 1.000322737 1.0 
0.808333333333 1.00028127922 1.0 
0.809027777778 1.00001455699 1.0 
0.809722222222 1.00024988143 1.0 
0.810416666667 1.00007541616 1.0 
0.811111111111 1.00027946018 1.0 
0.811805555556 1.00011257279 1.0 
0.8125 1.00017138454 1.0 
0.813194444444 1.00000061305 1.0 
0.813888888889 1.00025409327 1.0 
0.814583333333 1.00019898334 1.0 
0.815277777778 1.00027956488 1.0 
0.815972222222 1.00032490626 1.0 
0.816666666667 1.00017755624 1.0 
0.817361111111 1.00032810263 1.0 
0.818055555556 1.00015689837 1.0 
0.81875 1.00016665547 1.0 
0.819444444444 1.00000815389 1.0 
0.820138888889 1.00030286594 1.0 
0.820833333333 1.00031031743 1.0 
0.821527777778 1.00031120293 1.0 
0.822222222222 1.00027608331 1.0 
0.822916666667 1.00033056596 1.0 
0.823611111111 1.00021120552 1.0 
0.824305555556 1.00003921893 1.0 
0.825 1.0002943471 1.0 
0.825694444444 1.00019927985 1.0 
0.826388888889 1.00039494741 1.0 
0.827083333333 1.00023713914 1.0 
0.827777777778 1.00013696318 1.0 
0.828472222222 1.00011052953 1.0 
0.829166666667 1.00026833659 1.0 
0.829861111111 1.00025133406 1.0 
0.830555555556 1.00018338171 1.0 
0.83125 1.00029942921 1.0 
0.831944444444 1.00003610127 1.0 
0.832638888889 1.00043432031 1.0 
0.833333333333 1.00023641513 1.0 
0.834027777778 1.00030013589 1.0 
0.834722222222 1.00029199785 1.0 
0.835416666667 1.00023804622 1.0 
0.836111111111 1.00026854871 1.0 
0.836805555556 1.00015942286 1.0 
0.8375 1.00038455941 1.0 
0.838194444444 1.00014251388 1.0 
0.838888888889 1.00050147056 1.0 
0.839583333333 1.00011512184 1.0 
0.840277777778 1.00020588728 1.0 
0.840972222222 1.00015514153 1.0 
0.841666666667 1.00032830876 1.0 
0.842361111111 1.00013660779 1.0 
0.843055555556 1.00032864105 1.0 
0.84375 1.00029833236 1.0 
0.844444444444 1.00013958243 1.0 
0.845138888889 1.00010520884 1.0 
0.845833333333 1.00011035713 1.0 
0.846527777778 1.00022503465 1.0 
0.847222222222 1.00017368557 1.0 
0.847916666667 1.00021865523 1.0 
0.848611111111 1.00020981589 1.0 
0.849305555556 1.00020236512 1.0 
0.85 1.00024416309 1.0 
0.850694444444 1.00035242437 1.0 
0.851388888889 0.999977986918 1.0 
0.852083333333 1.00018204691 1.0 
0.852777777778 1.00035480725 1.0 
0.853472222222 1.0003465234 1.0 
0.854166666667 1.00007609533 1.0 
0.854861111111 1.00023196521 1.0 
0.855555555556 1.0000509531 1.0 
0.85625 1.00019292794 1.0 
0.856944444444 1.00014357252 1.0 
0.857638888889 1.00024320097 1.0 
0.858333333333 1.00013193638 1.0 
0.859027777778 1.00014504628 1.0 
0.859722222222 1.00026688558 1.0 
0.860416666667 1.00030281324 1.0 
0.861111111111 1.00027062806 1.0 
0.861805555556 1.00011864459 1.0 
0.8625 1.00017956735 1.0 
0.863194444444 1.00031840672 1.0 
0.863888888889 1.00020027184 1.0 
0.864583333333 0.999978947687 1.0 
0.865277777778 1.00026707871 1.0 
0.865972222222 1.00027962771 1.0 
0.866666666667 1.00025537241 1.0 
0.867361111111 1.00019998761 1.0 
0.868055555556 1.00020432408 1.0 
0.86875 1.00021478399 1.0 
0.869444444444 1.00026702875 1.0 
0.870138888889 1.00011006159 1.0 
0.870833333333 1.00003972426 1.0 
0.871527777778 1.00019251454 1.0 
0.872222222222 1.00009323503 1.0 
0.872916666667 1.00031789684 1.0 
0.873611111111 1.00004450723 1.0 
0.874305555556 1.00027160974 1.0 
0.875 1.00007437047 1.0 
0.875694444444 1.0001420267 1.0 
0.876388888889 1.00024130639 1.0 
0.877083333333 1.00023919822 1.0 
0.877777777778 1.00016305622 1.0 
0.878472222222 1.00030494362 1.0 
0.879166666667 1.00043671238 1.0 
0.879861111111 1.00011045612 1.0 
0.880555555556 1.00016237357 1.0 
0.88125 1.00016658866 1.0 
0.881944444444 1.00013040701 1.0 
0.882638888889 1.00013034557 1.0 
0.883333333333 1.00010263503 1.0 
0.884027777778 1.00031553225 1.0 
0.884722222222 1.00026634465 1.0 
0.885416666667 1.00019209633 1.0 
0.886111111111 1.0001776478 1.0 
0.886805555556 1.00021517871 1.0 
0.8875 1.00040368308 1.0 
0.888194444444 1.00012217835 1.0 
0.888888888889 1.00022046923 1.0 
0.889583333333 1.00012180122 1.0 
0.890277777778 1.00000143471 1.0 
0.890972222222 1.0002454158 1.0 
0.891666666667 1.00018532562 1.0 
0.892361111111 1.00007016961 1.0 
0.893055555556 1.00016326435 1.0 
0.89375 1.00001512738 1.0 
0.894444444444 1.00016685532 1.0 
0.895138888889 1.00014692291 1.0 
0.895833333333 1.00028242183 1.0 
0.896527777778 1.00008363573 1.0 
0.897222222222 1.00028918628 1.0 
0.897916666667 1.00028327136 1.0 
0.898611111111 1.0000389416 1.0 
0.899305555556 1.00037292551 1.0 
0.9 1.00027091369 1.0 
0.900694444444 1.00019127879 1.0 
0.901388888889 1.0000835444 1.0 
0.902083333333 1.0001969697 1.0 
0.902777777778 1.00008157016 1.0 
0.903472222222 1.00020066107 1.0 
0.904166666667 1.00017876628 1.0 
0.904861111111 1.00003325322 1.0 
0.905555555556 1.00038190667 1.0 
0.90625 1.00011235457 1.0 
0.906944444444 1.00022711064 1.0 
0.907638888889 1.00013381385 1.0 
0.908333333333 1.00016961416 1.0 
0.909027777778 1.0000710885 1.0 
0.909722222222 1.00031927827 1.0 
0.910416666667 1.00041397655 1.0 
0.911111111111 1.0000803968 1.0 
0.911805555556 1.00018155577 1.0 
0.9125 1.00018822072 1.0 
0.913194444444 0.999997920187 1.0 
0.913888888889 1.00030646013 1.0 
0.914583333333 1.00025077545 1.0 
0.915277777778 1.00018135524 1.0 
0.915972222222 1.00005706844 1.0 
0.916666666667 1.00001160287 1.0 
0.917361111111 1.00019423375 1.0 
0.918055555556 1.00014851009 1.0 
0.91875 0.999982331178 1.0 
0.919444444444 1.00030273329 1.0 
0.920138888889 1.00017711857 1.0 
0.920833333333 1.00020166052 1.0 
0.921527777778 1.00044584244 1.0 
0.922222222222 1.00018723188 1.0 
0.922916666667 0.999974875507 1.0 
0.923611111111 1.00015819155 1.0 
0.924305555556 1.0000113772 1.0 
0.925 0.999972246008 1.0 
0.925694444444 1.00000715707 1.0 
0.926388888889 0.999966666924 1.0 
0.927083333333 1.00015091421 1.0 
0.927777777778 0.999986862151 1.0 
0.928472222222 1.00013315934 1.0 
0.929166666667 1.00023203905 1.0 
0.929861111111 1.00024610038 1.0 
0.930555555556 1.00020002318 1.0 
0.93125 1.00034488002 1.0 
0.931944444444 1.000166369 1.0 
0.932638888889 1.00016154686 1.0 
0.933333333333 1.00034691531 1.0 
0.934027777778 0.999992560554 1.0 
0.934722222222 1.00020776741 1.0 
0.935416666667 1.00018651215 1.0 
0.936111111111 1.00015990319 1.0 
0.936805555556 1.00019624703 1.0 
0.9375 1.00019410571 1.0 
0.938194444444 1.00026303766 1.0 
0.938888888889 1.00018726864 1.0 
0.939583333333 1.00030996528 1.0 
0.940277777778 1.00017233396 1.0 
0.940972222222 1.00012803596 1.0 
0.941666666667 1.00034119453 1.0 
0.942361111111 1.00008025059 1.0 
0.943055555556 1.0001694128 1.0 
0.94375 1.00020698603 1.0 
0.944444444444 1.00019828056 1.0 
0.945138888889 0.999953314605 1.0 
0.945833333333 1.00028024974 1.0 
0.946527777778 1.00018144535 1.0 
0.947222222222 1.00019018929 1.0 
0.947916666667 1.0002147688 1.0 
0.948611111111 1.00016974704 1.0 
0.949305555556 1.00001130737 1.0 
0.95 1.00018801579 1.0 
0.950694444444 1.00018004115 1.0 
0.951388888889 1.00000769161 1.0 
0.952083333333 1.00016640472 1.0 
0.952777777778 1.0002689669 1.0 
0.953472222222 1.00005770203 1.0 
0.954166666667 1.00027721339 1.0 
0.954861111111 1.00014056607 1.0 
0.955555555556 1.00042013159 1.0 
0.95625 1.00018390202 1.0 
0.956944444444 1.00000232046 1.0 
0.957638888889 1.00028161756 1.0 
0.958333333333 1.00018769747 1.0 
0.959027777778 0.999994371506 1.0 
0.959722222222 1.00035676361 1.0 
0.960416666667 1.00008797348 1.0 
0.961111111111 1.0002225118 1.0 
0.961805555556 1.00023673849 1.0 
0.9625 1.00028733751 1.0 
0.963194444444 1.00016937685 1.0 
0.963888888889 1.00019256223 1.0 
0.964583333333 1.00024267669 1.0 
0.965277777778 1.00015947501 1.0 
0.965972222222 1.00018761426 1.0 
0.966666666667 1.00001788598 1.0 
0.967361111111 1.00002370934 1.0 
0.968055555556 0.999991163463 1.0 
0.96875 1.0004157329 1.0 
0.969444444444 1.00017385546 1.0 
0.970138888889 1.00006037466 1.0 
0.970833333333 1.00009662059 1.0 
0.971527777778 1.00026762331 1.0 
0.972222222222 1.00011242416 1.0 
0.972916666667 1.00009952768 1.0 
0.973611111111 1.00028838198 1.0 
0.974305555556 1.00017208747 1.0 
0.975 1.00012072707 1.0 
0.975694444444 0.999997635172 1.0 
0.976388888889 1.00033067381 1.0 
0.977083333333 1.00008372427 1.0 
0.977777777778 1.00005475834 1.0 
0.978472222222 1.00026660009 1.0 
0.979166666667 1.00014577002 1.0 
0.979861111111 1.00007048148 1.0 
0.980555555556 1.00005120595 1.0 
0.98125 1.00023884074 1.0 
0.981944444444 0.999971133965 1.0 
0.982638888889 1.00025476761 1.0 
0.983333333333 1.00023885587 1.0 
0.984027777778 1.00018729375 1.0 
0.984722222222 0.999993245083 1.0 
0.985416666667 1.00016517953 1.0 
0.986111111111 1.00011085978 1.0 
0.986805555556 1.00014497225 1.0 
0.9875 1.00028906244 1.0 
0.988194444444 1.00040166127 1.0 
0.988888888889 1.00036723771 1.0 
0.989583333333 1.00020914822 1.0 
0.990277777778 1.00017799368 1.0 
0.990972222222 1.00006714226 1.0 
0.991666666667 1.00029256618 1.0 
0.992361111111 1.00018569641 1.0 
0.993055555556 1.00023996675 1.0 
0.99375 1.00037119038 1.0 
0.994444444444 1.00023374494 1.0 
0.995138888889 1.00012875438 1.0 
0.995833333333 1.00012150003 1.0 
0.996527777778 1.00016537452 1.0 
0.997222222222 1.00012086249 1.0 
0.997916666667 1.00021612659 1.0 
0.998611111111 1.000066729 1.0 
0.999305555556 1.00008452714 1.0 
1.0 1.00002741058 1.0 
1.00069444444 1.0002159859 1.0 
1.00138888889 1.00018900967 1.0 
1.00208333333 1.0001890448 1.0 
1.00277777778 1.00030209698 1.0 
1.00347222222 1.00014604053 1.0 
1.00416666667 1.00026745383 1.0 
1.00486111111 0.999971030615 1.0 
1.00555555556 1.00015789048 1.0 
1.00625 1.00032675384 1.0 
1.00694444444 1.00002549984 1.0 
1.00763888889 1.00025095863 1.0 
1.00833333333 0.999989803226 1.0 
1.00902777778 1.00008362633 1.0 
1.00972222222 1.00015300857 1.0 
1.01041666667 1.0000805121 1.0 
1.01111111111 1.00013845368 1.0 
1.01180555556 1.00012719261 1.0 
1.0125 1.00022950087 1.0 
1.01319444444 1.00027730115 1.0 
1.01388888889 1.00023811909 1.0 
1.01458333333 1.00023327817 1.0 
1.01527777778 1.000021737 1.0 
1.01597222222 1.00033984951 1.0 
1.01666666667 1.00017867183 1.0 
1.01736111111 1.00023804238 1.0 
1.01805555556 1.00010257022 1.0 
1.01875 1.00008337349 1.0 
1.01944444444 1.00005083313 1.0 
1.02013888889 1.00004479229 1.0 
1.02083333333 1.00012526752 1.0 
1.02152777778 1.00015610732 1.0 
1.02222222222 1.00023303823 1.0 
1.02291666667 1.00028810158 1.0 
1.02361111111 1.00010613958 1.0 
1.02430555556 1.0001912902 1.0 
1.025 1.00005370626 1.0 
1.02569444444 1.00008550915 1.0 
1.02638888889 1.00036127587 1.0 
1.02708333333 1.00025284497 1.0 
1.02777777778 1.00017428191 1.0 
1.02847222222 1.00021979368 1.0 
1.02916666667 1.00033378499 1.0 
1.02986111111 1.00011221437 1.0 
1.03055555556 1.00028848263 1.0 
1.03125 1.00027600893 1.0 
1.03194444444 1.000147445 1.0 
1.03263888889 1.00009556774 1.0 
1.03333333333 1.00010722694 1.0 
1.03402777778 1.00010927756 1.0 
1.03472222222 1.00002473234 1.0 
1.03541666667 1.00022011276 1.0 
1.03611111111 1.00001177703 1.0 
1.03680555556 1.00016029301 1.0 
1.0375 1.00023406977 1.0 
1.03819444444 1.00019980942 1.0 
1.03888888889 1.00014095264 1.0 
1.03958333333 1.00038501067 1.0 
1.04027777778 1.0000708363 1.0 
1.04097222222 1.00005013201 1.0 
1.04166666667 1.00010560811 1.0 
1.04236111111 1.00011270791 1.0 
1.04305555556 1.00007850789 1.0 
1.04375 1.00028598731 1.0 
1.04444444444 1.00018472008 1.0 
1.04513888889 0.999999154044 1.0 
1.04583333333 1.00005078026 1.0 
1.04652777778 1.00013257316 1.0 
1.04722222222 1.00019473057 1.0 
1.04791666667 1.00032627271 1.0 
1.04861111111 1.00009400962 1.0 
1.04930555556 1.00006554832 1.0 
1.05 1.00000749156 1.0 
1.05069444444 1.00033414087 1.0 
1.05138888889 1.00017515425 1.0 
1.05208333333 1.00016007398 1.0 
1.05277777778 1.00000797539 1.0 
1.05347222222 1.00019289336 1.0 
1.05416666667 1.00028016458 1.0 
1.05486111111 1.00012586227 1.0 
1.05555555556 1.00002959978 1.0 
1.05625 0.999929812554 1.0 
1.05694444444 1.00039221937 1.0 
1.05763888889 1.00000958591 1.0 
1.05833333333 1.00013012493 1.0 
1.05902777778 1.00005907194 1.0 
1.05972222222 1.00013069727 1.0 
1.06041666667 1.00021942882 1.0 
1.06111111111 0.999979139626 1.0 
1.06180555556 1.0002438001 1.0 
1.0625 1.00008040671 1.0 
1.06319444444 1.00025026904 1.0 
1.06388888889 1.00030449131 1.0 
1.06458333333 1.00015803267 1.0 
1.06527777778 1.00018432881 1.0 
1.06597222222 1.00020687984 1.0 
1.06666666667 1.00035004687 1.0 
1.06736111111 1.00018374423 1.0 
1.06805555556 1.00021329816 1.0 
1.06875 1.00018627999 1.0 
1.06944444444 1.00025127461 1.0 
1.07013888889 1.0001077394 1.0 
1.07083333333 1.00010181961 1.0 
1.07152777778 1.00005869497 1.0 
1.07222222222 1.00013678964 1.0 
1.07291666667 1.00004849786 1.0 
1.07361111111 1.00012226363 1.0 
1.07430555556 1.00026706024 1.0 
1.075 1.00010884709 1.0 
1.07569444444 1.00029376217 1.0 
1.07638888889 1.00026139867 1.0 
1.07708333333 1.00020796666 1.0 
1.07777777778 1.00020091773 1.0 
1.07847222222 1.00018800033 1.0 
1.07916666667 1.00027925976 1.0 
1.07986111111 1.0001972428 1.0 
1.08055555556 1.00024677305 1.0 
1.08125 1.00014251552 1.0 
1.08194444444 1.0001560797 1.0 
1.08263888889 1.00017081539 1.0 
1.08333333333 1.00019797123 1.0 
1.08402777778 1.0002789723 1.0 
1.08472222222 1.0003065248 1.0 
1.08541666667 1.00026624865 1.0 
1.08611111111 1.0002656719 1.0 
1.08680555556 1.00015467352 1.0 
1.0875 1.00022237704 1.0 
1.08819444444 1.00025123802 1.0 
1.08888888889 1.00027472526 1.0 
1.08958333333 1.00022047018 1.0 
1.09027777778 1.00021849313 1.0 
1.09097222222 1.00003086144 1.0 
1.09166666667 1.00010276466 1.0 
1.09236111111 1.000151311 1.0 
1.09305555556 1.00015261583 1.0 
1.09375 1.00017534457 1.0 
1.09444444444 1.00030275312 1.0 
1.09513888889 1.00018136348 1.0 
1.09583333333 1.00020080176 1.0 
1.09652777778 0.999886177901 1.0 
1.09722222222 1.00023088925 1.0 
1.09791666667 1.00004835913 1.0 
1.09861111111 1.00034073615 1.0 
1.09930555556 1.00006548887 1.0 
1.1 1.00022141206 1.0 
