99.4 1.00008347668 1.0 
99.4006944444 0.99986150146 1.0 
99.4013888889 1.00000027473 1.0 
99.4020833333 1.00008785736 1.0 
99.4027777778 0.999958429226 1.0 
99.4034722222 1.00009616699 1.0 
99.4041666667 0.99998225368 1.0 
99.4048611111 0.999845024166 1.0 
99.4055555556 1.00001129209 1.0 
99.40625 0.999701984215 1.0 
99.4069444444 1.00004899471 1.0 
99.4076388889 0.999975050388 1.0 
99.4083333333 1.00001431972 1.0 
99.4090277778 1.00004270411 1.0 
99.4097222222 1.00004344282 1.0 
99.4104166667 0.999956462866 1.0 
99.4111111111 0.999965337253 1.0 
99.4118055556 1.00008571612 1.0 
99.4125 0.999956345459 1.0 
99.4131944444 1.00008839954 1.0 
99.4138888889 0.999936210102 1.0 
99.4145833333 0.999957851893 1.0 
99.4152777778 0.999961859428 1.0 
99.4159722222 1.00003542047 1.0 
99.4166666667 1.00002197651 1.0 
99.4173611111 1.00010187141 1.0 
99.4180555556 1.00004012952 1.0 
99.41875 0.999958749546 1.0 
99.4194444444 0.999983418312 1.0 
99.4201388889 1.0000921087 1.0 
99.4208333333 0.999927075926 1.0 
99.4215277778 1.00001665413 1.0 
99.4222222222 0.999989361431 1.0 
99.4229166667 0.999799835929 1.0 
99.4236111111 0.999944156712 1.0 
99.4243055556 1.00000057431 1.0 
99.425 0.999871106835 1.0 
99.4256944444 0.999954248731 1.0 
99.4263888889 1.0001395272 1.0 
99.4270833333 1.00009187926 1.0 
99.4277777778 0.999943366724 1.0 
99.4284722222 1.00014758127 1.0 
99.4291666667 1.00007576187 1.0 
99.4298611111 0.999813421273 1.0 
99.4305555556 1.00002701021 1.0 
99.43125 1.00001117106 1.0 
99.4319444444 0.999853035552 1.0 
99.4326388889 1.00000159399 1.0 
99.4333333333 0.99999998655 1.0 
99.4340277778 1.00007277909 1.0 
99.4347222222 0.999946738917 1.0 
99.4354166667 0.999888587932 1.0 
99.4361111111 0.99989033451 1.0 
99.4368055556 0.999769331751 1.0 
99.4375 1.00017320251 1.0 
99.4381944444 1.00011251986 1.0 
99.4388888889 1.00002138482 1.0 
99.4395833333 0.999864836039 1.0 
99.4402777778 0.999933683255 1.0 
99.4409722222 1.00013296171 1.0 
99.4416666667 1.00001490588 1.0 
99.4423611111 0.999964236234 1.0 
99.4430555556 1.00005492889 1.0 
99.44375 0.999994792978 1.0 
99.4444444444 0.999923101226 1.0 
99.4451388889 1.00006475114 1.0 
99.4458333333 0.999939647871 1.0 
99.4465277778 1.0000434488 1.0 
99.4472222222 1.00005768178 1.0 
99.4479166667 0.999890052953 1.0 
99.4486111111 0.999951431011 1.0 
99.4493055556 1.00002596194 1.0 
99.45 0.999824738531 1.0 
99.4506944444 1.0000452603 1.0 
99.4513888889 0.999971774845 1.0 
99.4520833333 0.999983397471 1.0 
99.4527777778 1.00011366349 1.0 
99.4534722222 1.00003509976 1.0 
99.4541666667 1.00009914453 1.0 
99.4548611111 0.999967730226 1.0 
99.4555555556 0.999885185923 1.0 
99.45625 0.999962021263 1.0 
99.4569444444 0.999979257319 1.0 
99.4576388889 0.999847523105 1.0 
99.4583333333 1.00004305201 1.0 
99.4590277778 1.0001287569 1.0 
99.4597222222 1.0000170944 1.0 
99.4604166667 0.999998397056 1.0 
99.4611111111 0.99987628263 1.0 
99.4618055556 0.999901908785 1.0 
99.4625 0.999975440079 1.0 
99.4631944444 0.999866251145 1.0 
99.4638888889 0.999991060561 1.0 
99.4645833333 0.99990214103 1.0 
99.4652777778 0.999902889875 1.0 
99.4659722222 1.00019205425 1.0 
99.4666666667 1.00010959753 1.0 
99.4673611111 0.999891770007 1.0 
99.4680555556 0.999896951007 1.0 
99.46875 0.999833189225 1.0 
99.4694444444 0.999949613227 1.0 
99.4701388889 0.999846376078 1.0 
99.4708333333 0.999863810881 1.0 
99.4715277778 0.999984916141 1.0 
99.4722222222 0.999942042916 1.0 
99.4729166667 1.00001813459 1.0 
99.4736111111 0.999900122813 1.0 
99.4743055556 0.999950378704 1.0 
99.475 0.99994680821 1.0 
99.4756944444 0.999790165985 1.0 
99.4763888889 0.999951523228 1.0 
99.4770833333 0.999835516922 1.0 
99.4777777778 0.999892749722 1.0 
99.4784722222 0.999846369428 1.0 
99.4791666667 0.99998283635 1.0 
99.4798611111 0.999911689333 1.0 
99.4805555556 1.00003245669 1.0 
99.48125 0.999871570568 1.0 
99.4819444444 0.999936779638 1.0 
99.4826388889 0.999974322003 1.0 
99.4833333333 0.999764760854 1.0 
99.4840277778 0.999869870645 1.0 
99.4847222222 1.00015876364 1.0 
99.4854166667 0.999906389586 1.0 
99.4861111111 0.999899023568 1.0 
99.4868055556 0.99986849122 1.0 
99.4875 1.00000048807 1.0 
99.4881944444 1.00007537615 1.0 
99.4888888889 1.0001240746 1.0 
99.4895833333 0.999917578123 1.0 
99.4902777778 0.999731669791 1.0 
99.4909722222 0.999825478282 1.0 
99.4916666667 1.00004604903 1.0 
99.4923611111 1.00004356691 1.0 
99.4930555556 0.999905337875 1.0 
99.49375 0.99991148877 1.0 
99.4944444444 0.999954911944 1.0 
99.4951388889 0.999857258507 1.0 
99.4958333333 0.999974751264 1.0 
99.4965277778 0.999891863278 1.0 
99.4972222222 1.00000326584 1.0 
99.4979166667 0.999834464596 1.0 
99.4986111111 1.00003258833 1.0 
99.4993055556 0.999925729433 1.0 
99.5 1.00007951892 1.0 
99.5006944444 0.99993347567 1.0 
99.5013888889 0.999994569828 1.0 
99.5020833333 1.00002774869 1.0 
99.5027777778 0.999913798177 1.0 
99.5034722222 1.00009181865 1.0 
99.5041666667 0.999864068613 1.0 
99.5048611111 0.999927898684 1.0 
99.5055555556 1.00000223027 1.0 
99.50625 0.999959041943 1.0 
99.5069444444 1.00010539465 1.0 
99.5076388889 1.00013839421 1.0 
99.5083333333 0.999999139442 1.0 
99.5090277778 0.999955061502 1.0 
99.5097222222 0.999966672505 1.0 
99.5104166667 1.00005461669 1.0 
99.5111111111 1.00013700904 1.0 
99.5118055556 0.999961314767 1.0 
99.5125 0.999933340923 1.0 
99.5131944444 0.999855160022 1.0 
99.5138888889 0.999905085035 1.0 
99.5145833333 1.00019248331 1.0 
99.5152777778 1.00003764289 1.0 
99.5159722222 1.00007442435 1.0 
99.5166666667 0.999916181128 1.0 
99.5173611111 0.999917452085 1.0 
99.5180555556 0.999915602977 1.0 
99.51875 1.00013094567 1.0 
99.5194444444 0.999695055864 1.0 
99.5201388889 0.999983197915 1.0 
99.5208333333 0.99993090304 1.0 
99.5215277778 1.00007832204 1.0 
99.5222222222 0.999908949391 1.0 
99.5229166667 0.999982959897 1.0 
99.5236111111 0.999909249394 1.0 
99.5243055556 1.00016238489 1.0 
99.525 0.999950587171 1.0 
99.5256944444 1.00015132809 1.0 
99.5263888889 1.00011340567 1.0 
99.5270833333 0.999850506597 1.0 
99.5277777778 0.999900681879 1.0 
99.5284722222 0.999854097829 1.0 
99.5291666667 1.00015248802 1.0 
99.5298611111 1.00004294544 1.0 
99.5305555556 0.999898907519 1.0 
99.53125 1.00000344354 1.0 
99.5319444444 0.99989552539 1.0 
99.5326388889 1.0000356382 1.0 
99.5333333333 0.999856735718 1.0 
99.5340277778 0.99988390893 1.0 
99.5347222222 0.999968661547 1.0 
99.5354166667 0.999987485757 1.0 
99.5361111111 0.999835746517 1.0 
99.5368055556 1.000027344 1.0 
99.5375 1.00001792424 1.0 
99.5381944444 1.00009084747 1.0 
99.5388888889 0.999925743668 1.0 
99.5395833333 1.00019329835 1.0 
99.5402777778 1.0001705059 1.0 
99.5409722222 1.00007025173 1.0 
99.5416666667 0.999964456436 1.0 
99.5423611111 0.999866489746 1.0 
99.5430555556 0.999907613206 1.0 
99.54375 1.00003836515 1.0 
99.5444444444 1.00012711029 1.0 
99.5451388889 0.999972000102 1.0 
99.5458333333 1.00017468903 1.0 
99.5465277778 0.999727247127 1.0 
99.5472222222 1.00001628684 1.0 
99.5479166667 0.999949865422 1.0 
99.5486111111 0.999948347339 1.0 
99.5493055556 1.00000283148 1.0 
99.55 0.999768350677 1.0 
99.5506944444 0.999925198909 1.0 
99.5513888889 0.999898920404 1.0 
99.5520833333 0.999927755517 1.0 
99.5527777778 1.0000579397 1.0 
99.5534722222 1.00012115109 1.0 
99.5541666667 1.00000516688 1.0 
99.5548611111 0.999949213848 1.0 
99.5555555556 1.00002391938 1.0 
99.55625 0.999987420068 1.0 
99.5569444444 0.999868919587 1.0 
99.5576388889 0.999944371999 1.0 
99.5583333333 1.00019823416 1.0 
99.5590277778 0.999910725023 1.0 
99.5597222222 0.999964117229 1.0 
99.5604166667 1.00005752952 1.0 
99.5611111111 0.99992414107 1.0 
99.5618055556 0.99996751054 1.0 
99.5625 1.00001918979 1.0 
99.5631944444 0.999932261979 1.0 
99.5638888889 0.999977295933 1.0 
99.5645833333 1.00005375918 1.0 
99.5652777778 0.999885678885 1.0 
99.5659722222 1.00002262887 1.0 
99.5666666667 0.999908445831 1.0 
99.5673611111 1.00012350058 1.0 
99.5680555556 0.999825446837 1.0 
99.56875 0.999965353666 1.0 
99.5694444444 0.99994643625 1.0 
99.5701388889 1.00003874138 1.0 
99.5708333333 1.00008178513 1.0 
99.5715277778 0.999988713414 1.0 
99.5722222222 0.999965749127 1.0 
99.5729166667 1.00000713805 1.0 
99.5736111111 0.999893542097 1.0 
99.5743055556 0.999941401621 1.0 
99.575 0.999961857636 1.0 
99.5756944444 1.00007872397 1.0 
99.5763888889 1.00008670778 1.0 
99.5770833333 0.999993357536 1.0 
99.5777777778 0.999926205802 1.0 
99.5784722222 1.00000146902 1.0 
99.5791666667 0.999946601844 1.0 
99.5798611111 0.999850766215 1.0 
99.5805555556 0.999831715087 1.0 
99.58125 0.999938828645 1.0 
99.5819444444 0.999921851027 1.0 
99.5826388889 0.999917565439 1.0 
99.5833333333 0.999934191181 1.0 
99.5840277778 1.00013855206 1.0 
99.5847222222 1.00008864327 1.0 
99.5854166667 0.999841976633 1.0 
99.5861111111 0.999936339127 1.0 
99.5868055556 0.999926165788 1.0 
99.5875 0.99992936261 1.0 
99.5881944444 1.00000263078 1.0 
99.5888888889 0.999936229942 1.0 
99.5895833333 1.00004544956 1.0 
99.5902777778 0.999830779939 1.0 
99.5909722222 0.999944843855 1.0 
99.5916666667 0.999862013951 1.0 
99.5923611111 0.999790618697 1.0 
99.5930555556 1.00004759822 1.0 
99.59375 1.00007817237 1.0 
99.5944444444 1.00009841752 1.0 
99.5951388889 1.00017466182 1.0 
99.5958333333 0.999945530573 1.0 
99.5965277778 0.999902313499 1.0 
99.5972222222 0.999905569392 1.0 
99.5979166667 1.00004586642 1.0 
99.5986111111 0.999791592741 1.0 
99.5993055556 0.999904013239 1.0 
99.6 0.999922584658 1.0 
99.6006944444 0.999820152737 1.0 
99.6013888889 1.00012187394 1.0 
99.6020833333 0.999920410359 1.0 
99.6027777778 1.00001786818 1.0 
99.6034722222 0.999871149886 1.0 
99.6041666667 0.999898850804 1.0 
99.6048611111 1.00010114026 1.0 
99.6055555556 0.999857331705 1.0 
99.60625 0.999890088975 1.0 
99.6069444444 0.999782655083 1.0 
99.6076388889 1.00000100895 1.0 
99.6083333333 1.00002940272 1.0 
99.6090277778 1.00008804596 1.0 
99.6097222222 1.00017758087 1.0 
99.6104166667 0.999991772424 1.0 
99.6111111111 1.00017201662 1.0 
99.6118055556 0.999831242652 1.0 
99.6125 0.999759897426 1.0 
99.6131944444 1.00000288981 1.0 
99.6138888889 0.999908014356 1.0 
99.6145833333 0.999867796334 1.0 
99.6152777778 0.999898934026 1.0 
99.6159722222 0.999893507585 1.0 
99.6166666667 1.00005004176 1.0 
99.6173611111 0.999868156813 1.0 
99.6180555556 0.999981319572 1.0 
99.61875 0.999936257707 1.0 
99.6194444444 0.999915250702 1.0 
99.6201388889 0.999863723414 1.0 
99.6208333333 1.0000370089 1.0 
99.6215277778 0.999871976777 1.0 
99.6222222222 0.999813859137 1.0 
99.6229166667 0.999922088728 1.0 
99.6236111111 0.999854091581 1.0 
99.6243055556 0.999866603015 1.0 
99.625 0.999870329605 1.0 
99.6256944444 0.999892565906 1.0 
99.6263888889 0.999905684535 1.0 
99.6270833333 0.999953120428 1.0 
99.6277777778 1.00009642277 1.0 
99.6284722222 1.00002186147 1.0 
99.6291666667 0.999968520719 1.0 
99.6298611111 1.00022621736 1.0 
99.6305555556 0.999945356417 1.0 
99.63125 1.00013353252 1.0 
99.6319444444 0.999612187019 1.0 
99.6326388889 0.999896175754 1.0 
99.6333333333 0.999921972361 1.0 
99.6340277778 0.999873953643 1.0 
99.6347222222 0.999943924044 1.0 
99.6354166667 1.00006838312 1.0 
99.6361111111 0.999961472272 1.0 
99.6368055556 0.999849981589 1.0 
99.6375 0.999760640689 1.0 
99.6381944444 1.00004005696 1.0 
99.6388888889 0.999955222907 1.0 
99.6395833333 0.999934788547 1.0 
99.6402777778 1.00008901638 1.0 
99.6409722222 1.00002699846 1.0 
99.6416666667 1.00010510754 1.0 
99.6423611111 1.00004534054 1.0 
99.6430555556 1.0000411175 1.0 
99.64375 1.00003332601 1.0 
99.6444444444 0.999746036851 1.0 
99.6451388889 0.999837950672 1.0 
99.6458333333 1.00008601063 1.0 
99.6465277778 0.999925928161 1.0 
99.6472222222 0.99982099965 1.0 
99.6479166667 0.999967814524 1.0 
99.6486111111 0.999899852226 1.0 
99.6493055556 0.999921303755 1.0 
99.65 0.999926065992 1.0 
99.6506944444 0.999992755275 1.0 
99.6513888889 1.00004717411 1.0 
99.6520833333 1.0001420001 1.0 
99.6527777778 1.00008067658 1.0 
99.6534722222 1.0001679291 1.0 
99.6541666667 1.00009577643 1.0 
99.6548611111 0.999862317002 1.0 
99.6555555556 0.999877526192 1.0 
99.65625 0.999870675656 1.0 
99.6569444444 0.99999301735 1.0 
99.6576388889 1.00015555839 1.0 
99.6583333333 0.999973743564 1.0 
99.6590277778 0.999860229116 1.0 
99.6597222222 0.999836631634 1.0 
99.6604166667 0.999796126868 1.0 
99.6611111111 0.999984787724 1.0 
99.6618055556 1.0000142756 1.0 
99.6625 0.999933060961 1.0 
99.6631944444 1.0000625531 1.0 
99.6638888889 1.00010304254 1.0 
99.6645833333 0.999935483957 1.0 
99.6652777778 0.999971532617 1.0 
99.6659722222 0.99993703268 1.0 
99.6666666667 1.00009966102 1.0 
99.6673611111 0.999801711078 1.0 
99.6680555556 1.00012861501 1.0 
99.66875 1.00001792043 1.0 
99.6694444444 1.00005798592 1.0 
99.6701388889 1.00017692399 1.0 
99.6708333333 1.00004050411 1.0 
99.6715277778 0.999892142354 1.0 
99.6722222222 1.00007964755 1.0 
99.6729166667 0.999975875262 1.0 
99.6736111111 0.999903573354 1.0 
99.6743055556 1.00010933985 1.0 
99.675 1.00006786201 1.0 
99.6756944444 1.00014616101 1.0 
99.6763888889 1.00005693781 1.0 
99.6770833333 1.00012322282 1.0 
99.6777777778 0.999812703037 1.0 
99.6784722222 0.999873067765 1.0 
99.6791666667 0.999838440676 1.0 
99.6798611111 0.999853510765 1.0 
99.6805555556 1.00000906184 1.0 
99.68125 0.999896833622 1.0 
99.6819444444 0.999904018224 1.0 
99.6826388889 0.999938603602 1.0 
99.6833333333 1.00002458369 1.0 
99.6840277778 0.999954740429 1.0 
99.6847222222 0.999796942746 1.0 
99.6854166667 1.00001606284 1.0 
99.6861111111 0.999929131814 1.0 
99.6868055556 0.999843359847 1.0 
99.6875 0.999852525754 1.0 
99.6881944444 0.999912970742 1.0 
99.6888888889 0.999939502161 1.0 
99.6895833333 1.00001197077 1.0 
99.6902777778 0.999863268317 1.0 
99.6909722222 0.999819677705 1.0 
99.6916666667 0.999985906203 1.0 
99.6923611111 0.999972134556 1.0 
99.6930555556 1.00000863203 1.0 
99.69375 0.999991922411 1.0 
99.6944444444 1.00009510306 1.0 
99.6951388889 0.999864634987 1.0 
99.6958333333 1.00001478607 1.0 
99.6965277778 1.00006429799 1.0 
99.6972222222 0.999942572051 1.0 
99.6979166667 0.999959307525 1.0 
99.6986111111 0.999930505385 1.0 
99.6993055556 1.00007588498 1.0 
99.7 0.999974235815 1.0 
99.7006944444 1.00006679328 1.0 
99.7013888889 1.00004144057 1.0 
99.7020833333 0.999884070704 1.0 
99.7027777778 0.999811102027 1.0 
99.7034722222 0.999945607818 1.0 
99.7041666667 0.999915408534 1.0 
99.7048611111 0.999915538878 1.0 
99.7055555556 0.999984761228 1.0 
99.70625 1.00027701267 1.0 
99.7069444444 0.999750795123 1.0 
99.7076388889 1.00000333113 1.0 
99.7083333333 0.999993106559 1.0 
99.7090277778 0.999950802638 1.0 
99.7097222222 1.00001964429 1.0 
99.7104166667 0.999871874744 1.0 
99.7111111111 1.00010640929 1.0 
99.7118055556 0.999982166648 1.0 
99.7125 1.00003839049 1.0 
99.7131944444 0.99991282889 1.0 
99.7138888889 0.999991189527 1.0 
99.7145833333 0.999916569349 1.0 
99.7152777778 0.999899795479 1.0 
99.7159722222 0.999834552418 1.0 
99.7166666667 0.999799380212 1.0 
99.7173611111 0.999891740188 1.0 
99.7180555556 0.999886356521 1.0 
99.71875 0.999724589689 1.0 
99.7194444444 0.999652447388 1.0 
99.7201388889 0.999785952121 1.0 
99.7208333333 0.999607259179 1.0 
99.7215277778 0.999650577501 1.0 
99.7222222222 0.999553648832 1.0 
99.7229166667 0.999510691584 1.0 
99.7236111111 0.999494633827 1.0 
99.7243055556 0.999346142125 1.0 
99.725 0.999156448299 1.0 
99.7256944444 0.99914695236 1.0 
99.7263888889 0.999213659144 1.0 
99.7270833333 0.999196785307 1.0 
99.7277777778 0.998950068146 1.0 
99.7284722222 0.998960274757 1.0 
99.7291666667 0.998742838064 1.0 
99.7298611111 0.99853993638 1.0 
99.7305555556 0.998666034005 1.0 
99.73125 0.998467871305 1.0 
99.7319444444 0.998421880013 1.0 
99.7326388889 0.998177716557 1.0 
99.7333333333 0.998332935295 1.0 
99.7340277778 0.998152212165 1.0 
99.7347222222 0.998182067029 1.0 
99.7354166667 0.997875547918 1.0 
99.7361111111 0.997918551773 1.0 
99.7368055556 0.997666860429 1.0 
99.7375 0.997558514819 1.0 
99.7381944444 0.997593458591 1.0 
99.7388888889 0.997463291708 1.0 
99.7395833333 0.997353627293 1.0 
99.7402777778 0.997218273689 1.0 
99.7409722222 0.997076437408 1.0 
99.7416666667 0.997080903134 1.0 
99.7423611111 0.9968109338 1.0 
99.7430555556 0.996816995677 1.0 
99.74375 0.996536442184 1.0 
99.7444444444 0.996690322463 1.0 
99.7451388889 0.99654245442 1.0 
99.7458333333 0.996255036185 1.0 
99.7465277778 0.996293525516 1.0 
99.7472222222 0.996018991181 1.0 
99.7479166667 0.995905746361 1.0 
99.7486111111 0.995797450462 1.0 
99.7493055556 0.99584800849 1.0 
99.75 0.995742655442 1.0 
99.7506944444 0.995526341167 1.0 
99.7513888889 0.99519445793 1.0 
99.7520833333 0.995312799124 1.0 
99.7527777778 0.995172768953 1.0 
99.7534722222 0.99494925775 1.0 
99.7541666667 0.994879661361 1.0 
99.7548611111 0.994925716926 1.0 
99.7555555556 0.994708976496 1.0 
99.75625 0.994530546054 1.0 
99.7569444444 0.99454847255 1.0 
99.7576388889 0.994430780087 1.0 
99.7583333333 0.994326347742 1.0 
99.7590277778 0.994040310744 1.0 
99.7597222222 0.993933109605 1.0 
99.7604166667 0.99403427553 1.0 
99.7611111111 0.99391665354 1.0 
99.7618055556 0.993645733144 1.0 
99.7625 0.993466029041 1.0 
99.7631944444 0.993383369349 1.0 
99.7638888889 0.993294342532 1.0 
99.7645833333 0.99321266248 1.0 
99.7652777778 0.993203301302 1.0 
99.7659722222 0.993081412973 1.0 
99.7666666667 0.99295205967 1.0 
99.7673611111 0.992766569432 1.0 
99.7680555556 0.992617308726 1.0 
99.76875 0.992764926614 1.0 
99.7694444444 0.992494221842 1.0 
99.7701388889 0.992356456266 1.0 
99.7708333333 0.992230829225 1.0 
99.7715277778 0.992324588309 1.0 
99.7722222222 0.992066242901 1.0 
99.7729166667 0.991984899895 1.0 
99.7736111111 0.991811424809 1.0 
99.7743055556 0.991908592942 1.0 
99.775 0.991765923031 1.0 
99.7756944444 0.991742611729 1.0 
99.7763888889 0.99135239453 1.0 
99.7770833333 0.991494848017 1.0 
99.7777777778 0.99146953643 1.0 
99.7784722222 0.991435746045 1.0 
99.7791666667 0.991257236579 1.0 
99.7798611111 0.991188657508 1.0 
99.7805555556 0.991407729903 1.0 
99.78125 0.99133505268 1.0 
99.7819444444 0.991181842851 1.0 
99.7826388889 0.991242724183 1.0 
99.7833333333 0.99120692089 1.0 
99.7840277778 0.991204905597 1.0 
99.7847222222 0.991157586296 1.0 
99.7854166667 0.991141814734 1.0 
99.7861111111 0.991147026306 1.0 
99.7868055556 0.991037350056 1.0 
99.7875 0.991119828014 1.0 
99.7881944444 0.990878775298 1.0 
99.7888888889 0.990865543788 1.0 
99.7895833333 0.990867715241 1.0 
99.7902777778 0.990822148289 1.0 
99.7909722222 0.990929029359 1.0 
99.7916666667 0.990879579539 1.0 
99.7923611111 0.990793919712 1.0 
99.7930555556 0.990668544469 1.0 
99.79375 0.990874253395 1.0 
99.7944444444 0.991003794624 1.0 
99.7951388889 0.990641615888 1.0 
99.7958333333 0.990603571572 1.0 
99.7965277778 0.990499408049 1.0 
99.7972222222 0.990700060498 1.0 
99.7979166667 0.990736420463 1.0 
99.7986111111 0.990674376955 1.0 
99.7993055556 0.99047930182 1.0 
99.8 0.990312192599 1.0 
99.8006944444 0.990588927951 1.0 
99.8013888889 0.99049179366 1.0 
99.8020833333 0.990508867947 1.0 
99.8027777778 0.990555530056 1.0 
99.8034722222 0.99046984579 1.0 
99.8041666667 0.99039560957 1.0 
99.8048611111 0.990250349002 1.0 
99.8055555556 0.990513874611 1.0 
99.80625 0.99020685469 1.0 
99.8069444444 0.990608425124 1.0 
99.8076388889 0.990329944183 1.0 
99.8083333333 0.990492226856 1.0 
99.8090277778 0.990390904461 1.0 
99.8097222222 0.990085660641 1.0 
99.8104166667 0.990426522315 1.0 
99.8111111111 0.990158038163 1.0 
99.8118055556 0.990282299753 1.0 
99.8125 0.990305247544 1.0 
99.8131944444 0.990324206473 1.0 
99.8138888889 0.990364812758 1.0 
99.8145833333 0.990006766298 1.0 
99.8152777778 0.990089919914 1.0 
99.8159722222 0.99000698747 1.0 
99.8166666667 0.990187710497 1.0 
99.8173611111 0.990075645996 1.0 
99.8180555556 0.990170010019 1.0 
99.81875 0.990067667581 1.0 
99.8194444444 0.990123349077 1.0 
99.8201388889 0.990177517461 1.0 
99.8208333333 0.990026154016 1.0 
99.8215277778 0.990152337082 1.0 
99.8222222222 0.990090045039 1.0 
99.8229166667 0.990216811089 1.0 
99.8236111111 0.990125068902 1.0 
99.8243055556 0.9900894575 1.0 
99.825 0.989866870204 1.0 
99.8256944444 0.989858652419 1.0 
99.8263888889 0.990064115474 1.0 
99.8270833333 0.990028862916 1.0 
99.8277777778 0.990067808183 1.0 
99.8284722222 0.989914783914 1.0 
99.8291666667 0.989867077349 1.0 
99.8298611111 0.989941446302 1.0 
99.8305555556 0.989919698819 1.0 
99.83125 0.989886259538 1.0 
99.8319444444 0.989956319284 1.0 
99.8326388889 0.989816913657 1.0 
99.8333333333 0.989997703399 1.0 
99.8340277778 0.989825653934 1.0 
99.8347222222 0.989950332101 1.0 
99.8354166667 0.989870086598 1.0 
99.8361111111 0.990124315684 1.0 
99.8368055556 0.989979792401 1.0 
99.8375 0.98992619592 1.0 
99.8381944444 0.989788317547 1.0 
99.8388888889 0.989757819709 1.0 
99.8395833333 0.989855352691 1.0 
99.8402777778 0.989902618443 1.0 
99.8409722222 0.989881626179 1.0 
99.8416666667 0.989629847974 1.0 
99.8423611111 0.989670893765 1.0 
99.8430555556 0.98964917923 1.0 
99.84375 0.989777674919 1.0 
99.8444444444 0.989442208182 1.0 
99.8451388889 0.989622474757 1.0 
99.8458333333 0.989733052685 1.0 
99.8465277778 0.989887803396 1.0 
99.8472222222 0.989753395486 1.0 
99.8479166667 0.989824592738 1.0 
99.8486111111 0.989656484491 1.0 
99.8493055556 0.989894419296 1.0 
99.85 0.989512086009 1.0 
99.8506944444 0.989731138169 1.0 
99.8513888889 0.989643725955 1.0 
99.8520833333 0.989587692546 1.0 
99.8527777778 0.989581773286 1.0 
99.8534722222 0.989424474956 1.0 
99.8541666667 0.989430528597 1.0 
99.8548611111 0.989542089457 1.0 
99.8555555556 0.989714684003 1.0 
99.85625 0.989439228286 1.0 
99.8569444444 0.98954952525 1.0 
99.8576388889 0.989541880518 1.0 
99.8583333333 0.989392613894 1.0 
99.8590277778 0.989508476223 1.0 
99.8597222222 0.989522451749 1.0 
99.8604166667 0.989504984777 1.0 
99.8611111111 0.989514931433 1.0 
99.8618055556 0.989600042585 1.0 
99.8625 0.989513543999 1.0 
99.8631944444 0.989530136816 1.0 
99.8638888889 0.98928457883 1.0 
99.8645833333 0.989600544574 1.0 
99.8652777778 0.9893760911 1.0 
99.8659722222 0.989422569707 1.0 
99.8666666667 0.989469083796 1.0 
99.8673611111 0.98940331869 1.0 
99.8680555556 0.989412771497 1.0 
99.86875 0.989635263446 1.0 
99.8694444444 0.989421756484 1.0 
99.8701388889 0.989416491224 1.0 
99.8708333333 0.98957187366 1.0 
99.8715277778 0.989417498723 1.0 
99.8722222222 0.989569990651 1.0 
99.8729166667 0.989316897065 1.0 
99.8736111111 0.989510214053 1.0 
99.8743055556 0.989265621555 1.0 
99.875 0.989357814636 1.0 
99.8756944444 0.989497629539 1.0 
99.8763888889 0.989293262547 1.0 
99.8770833333 0.989484417504 1.0 
99.8777777778 0.989159999409 1.0 
99.8784722222 0.989235569343 1.0 
99.8791666667 0.98955023559 1.0 
99.8798611111 0.989504790547 1.0 
99.8805555556 0.989298980237 1.0 
99.88125 0.989268509746 1.0 
99.8819444444 0.989289576699 1.0 
99.8826388889 0.989326089962 1.0 
99.8833333333 0.989398726513 1.0 
99.8840277778 0.989244422833 1.0 
99.8847222222 0.98920513164 1.0 
99.8854166667 0.989328755572 1.0 
99.8861111111 0.98932338693 1.0 
99.8868055556 0.989315580327 1.0 
99.8875 0.989237764418 1.0 
99.8881944444 0.989457819784 1.0 
99.8888888889 0.98930586066 1.0 
99.8895833333 0.989220596276 1.0 
99.8902777778 0.989032697792 1.0 
99.8909722222 0.989398361131 1.0 
99.8916666667 0.989286184354 1.0 
99.8923611111 0.989254188067 1.0 
99.8930555556 0.989319136825 1.0 
99.89375 0.989276559732 1.0 
99.8944444444 0.989350610238 1.0 
99.8951388889 0.989396261391 1.0 
99.8958333333 0.989405706942 1.0 
99.8965277778 0.989299990463 1.0 
99.8972222222 0.989148978004 1.0 
99.8979166667 0.989134863619 1.0 
99.8986111111 0.989342216487 1.0 
99.8993055556 0.989369393513 1.0 
99.9 0.989010639262 1.0 
99.9006944444 0.98920417557 1.0 
99.9013888889 0.989192560451 1.0 
99.9020833333 0.989168498583 1.0 
99.9027777778 0.989011589663 1.0 
99.9034722222 0.988970262766 1.0 
99.9041666667 0.989087646434 1.0 
99.9048611111 0.989373284177 1.0 
99.9055555556 0.989229480489 1.0 
99.90625 0.989039859168 1.0 
99.9069444444 0.989237228351 1.0 
99.9076388889 0.989217325961 1.0 
99.9083333333 0.989004617363 1.0 
99.9090277778 0.989264637406 1.0 
99.9097222222 0.989290483835 1.0 
99.9104166667 0.989267047339 1.0 
99.9111111111 0.98936359308 1.0 
99.9118055556 0.98904532231 1.0 
99.9125 0.989060364069 1.0 
99.9131944444 0.989280424951 1.0 
99.9138888889 0.989052455562 1.0 
99.9145833333 0.989148304344 1.0 
99.9152777778 0.989023222091 1.0 
99.9159722222 0.989266960121 1.0 
99.9166666667 0.989195141538 1.0 
99.9173611111 0.989149926931 1.0 
99.9180555556 0.989015454478 1.0 
99.91875 0.988962636965 1.0 
99.9194444444 0.989172703303 1.0 
99.9201388889 0.988980178001 1.0 
99.9208333333 0.988932857004 1.0 
99.9215277778 0.989155906932 1.0 
99.9222222222 0.989059650862 1.0 
99.9229166667 0.988950051129 1.0 
99.9236111111 0.989089717122 1.0 
99.9243055556 0.989056339222 1.0 
99.925 0.989036899583 1.0 
99.9256944444 0.989075930204 1.0 
99.9263888889 0.988776544876 1.0 
99.9270833333 0.98907100944 1.0 
99.9277777778 0.989005815975 1.0 
99.9284722222 0.989062924115 1.0 
99.9291666667 0.989000382545 1.0 
99.9298611111 0.988889354278 1.0 
99.9305555556 0.989018498362 1.0 
99.93125 0.989081678339 1.0 
99.9319444444 0.988878506462 1.0 
99.9326388889 0.989091269214 1.0 
99.9333333333 0.98889846705 1.0 
99.9340277778 0.989021024155 1.0 
99.9347222222 0.988869397903 1.0 
99.9354166667 0.989035366295 1.0 
99.9361111111 0.988905079409 1.0 
99.9368055556 0.988989736483 1.0 
99.9375 0.988898212693 1.0 
99.9381944444 0.989040196789 1.0 
99.9388888889 0.988981842955 1.0 
99.9395833333 0.98906574367 1.0 
99.9402777778 0.989114322307 1.0 
99.9409722222 0.989064176385 1.0 
99.9416666667 0.989040928494 1.0 
99.9423611111 0.988970143647 1.0 
99.9430555556 0.98904445535 1.0 
99.94375 0.988974530752 1.0 
99.9444444444 0.988879687359 1.0 
99.9451388889 0.988742164054 1.0 
99.9458333333 0.989085086695 1.0 
99.9465277778 0.988862717137 1.0 
99.9472222222 0.988894786356 1.0 
99.9479166667 0.988919216104 1.0 
99.9486111111 0.989016623953 1.0 
99.9493055556 0.988991126469 1.0 
99.95 0.988896501815 1.0 
99.9506944444 0.988968658444 1.0 
99.9513888889 0.988766270127 1.0 
99.9520833333 0.988938649422 1.0 
99.9527777778 0.988944036302 1.0 
99.9534722222 0.988941258402 1.0 
99.9541666667 0.988905099248 1.0 
99.9548611111 0.988991586981 1.0 
99.9555555556 0.988820075451 1.0 
99.95625 0.98890045331 1.0 
99.9569444444 0.988792610421 1.0 
99.9576388889 0.989027053311 1.0 
99.9583333333 0.989211170778 1.0 
99.9590277778 0.988899365887 1.0 
99.9597222222 0.988897036962 1.0 
99.9604166667 0.988901862125 1.0 
99.9611111111 0.989011367338 1.0 
99.9618055556 0.98892144208 1.0 
99.9625 0.988919921094 1.0 
99.9631944444 0.988907515764 1.0 
99.9638888889 0.988947324856 1.0 
99.9645833333 0.988640685793 1.0 
99.9652777778 0.989026825991 1.0 
99.9659722222 0.989071523375 1.0 
99.9666666667 0.988938374413 1.0 
99.9673611111 0.988789171922 1.0 
99.9680555556 0.98903360547 1.0 
99.96875 0.988733800856 1.0 
99.9694444444 0.988782466698 1.0 
99.9701388889 0.988781025807 1.0 
99.9708333333 0.988945929713 1.0 
99.9715277778 0.988904765214 1.0 
99.9722222222 0.988933853279 1.0 
99.9729166667 0.988845264931 1.0 
99.9736111111 0.988900780138 1.0 
99.9743055556 0.989055104717 1.0 
99.975 0.989041482057 1.0 
99.9756944444 0.988775249505 1.0 
99.9763888889 0.988806922754 1.0 
99.9770833333 0.988912924961 1.0 
99.9777777778 0.988677315077 1.0 
99.9784722222 0.988778189995 1.0 
99.9791666667 0.988766953543 1.0 
99.9798611111 0.988673631579 1.0 
99.9805555556 0.988820949894 1.0 
99.98125 0.988809197609 1.0 
99.9819444444 0.988866741296 1.0 
99.9826388889 0.988902944284 1.0 
99.9833333333 0.988909856003 1.0 
99.9840277778 0.988962366718 1.0 
99.9847222222 0.988740137221 1.0 
99.9854166667 0.988878664134 1.0 
99.9861111111 0.988754851897 1.0 
99.9868055556 0.988789418609 1.0 
99.9875 0.988805044627 1.0 
99.9881944444 0.988746557061 1.0 
99.9888888889 0.988808205287 1.0 
99.9895833333 0.988771885673 1.0 
99.9902777778 0.98877929832 1.0 
99.9909722222 0.988898186379 1.0 
99.9916666667 0.988869930429 1.0 
99.9923611111 0.988916186378 1.0 
99.9930555556 0.988889101886 1.0 
99.99375 0.98893240279 1.0 
99.9944444444 0.988964032134 1.0 
99.9951388889 0.988910917448 1.0 
99.9958333333 0.988828974255 1.0 
99.9965277778 0.988913197806 1.0 
99.9972222222 0.988879269715 1.0 
99.9979166667 0.989017444036 1.0 
99.9986111111 0.988739357579 1.0 
99.9993055556 0.988695715272 1.0 
100.0 0.988770364795 1.0 
100.000694444 0.988813269015 1.0 
100.001388889 0.988777321254 1.0 
100.002083333 0.989034670805 1.0 
100.002777778 0.988818487142 1.0 
100.003472222 0.988744568061 1.0 
100.004166667 0.988879374868 1.0 
100.004861111 0.988907146738 1.0 
100.005555556 0.988692049458 1.0 
100.00625 0.988788186875 1.0 
100.006944444 0.988651431535 1.0 
100.007638889 0.988861706384 1.0 
100.008333333 0.989052560763 1.0 
100.009027778 0.988927558036 1.0 
100.009722222 0.988890757882 1.0 
100.010416667 0.988791695956 1.0 
100.011111111 0.989073534435 1.0 
100.011805556 0.988879649244 1.0 
100.0125 0.988827899518 1.0 
100.013194444 0.988878256193 1.0 
100.013888889 0.988873733927 1.0 
100.014583333 0.988873603316 1.0 
100.015277778 0.988974710583 1.0 
100.015972222 0.988943119067 1.0 
100.016666667 0.988797739617 1.0 
100.017361111 0.988904685132 1.0 
100.018055556 0.988900516699 1.0 
100.01875 0.988831849357 1.0 
100.019444444 0.988960348701 1.0 
100.020138889 0.988804659855 1.0 
100.020833333 0.988841248832 1.0 
100.021527778 0.988759949691 1.0 
100.022222222 0.98875520844 1.0 
100.022916667 0.988846670131 1.0 
100.023611111 0.988935510322 1.0 
100.024305556 0.988944142678 1.0 
100.025 0.988856849642 1.0 
100.025694444 0.98879787122 1.0 
100.026388889 0.988901566877 1.0 
100.027083333 0.988653840552 1.0 
100.027777778 0.988764176263 1.0 
100.028472222 0.988789354715 1.0 
100.029166667 0.988726390094 1.0 
100.029861111 0.988947718538 1.0 
100.030555556 0.989043071171 1.0 
100.03125 0.988743007878 1.0 
100.031944444 0.988840109513 1.0 
100.032638889 0.988894515775 1.0 
100.033333333 0.988901647006 1.0 
100.034027778 0.988923629272 1.0 
100.034722222 0.988852942587 1.0 
100.035416667 0.988978127933 1.0 
100.036111111 0.988910818813 1.0 
100.036805556 0.988934124668 1.0 
100.0375 0.988929895192 1.0 
100.038194444 0.988947371822 1.0 
100.038888889 0.988809292362 1.0 
100.039583333 0.988887733521 1.0 
100.040277778 0.98892422897 1.0 
100.040972222 0.989003225131 1.0 
100.041666667 0.988740063538 1.0 
100.042361111 0.989013036319 1.0 
100.043055556 0.988852282863 1.0 
100.04375 0.988884758868 1.0 
100.044444444 0.988915507347 1.0 
100.045138889 0.98878128661 1.0 
100.045833333 0.988987251532 1.0 
100.046527778 0.989050305847 1.0 
100.047222222 0.98899248776 1.0 
100.047916667 0.98911457424 1.0 
100.048611111 0.989019749563 1.0 
100.049305556 0.988942982639 1.0 
100.05 0.988986527769 1.0 
100.050694444 0.988840215842 1.0 
100.051388889 0.988863564643 1.0 
100.052083333 0.988879484881 1.0 
100.052777778 0.989175510562 1.0 
100.053472222 0.988864130196 1.0 
100.054166667 0.988907361017 1.0 
100.054861111 0.988903415991 1.0 
100.055555556 0.988899492937 1.0 
100.05625 0.988819329082 1.0 
100.056944444 0.988813491649 1.0 
100.057638889 0.989033501284 1.0 
100.058333333 0.988923682042 1.0 
100.059027778 0.988911901482 1.0 
100.059722222 0.98900017015 1.0 
100.060416667 0.988958360604 1.0 
100.061111111 0.988940024936 1.0 
100.061805556 0.988909756569 1.0 
100.0625 0.98906412929 1.0 
100.063194444 0.988908911467 1.0 
100.063888889 0.988866971839 1.0 
100.064583333 0.989001049744 1.0 
100.065277778 0.988933538988 1.0 
100.065972222 0.989060739719 1.0 
100.066666667 0.989035836221 1.0 
100.067361111 0.988941691631 1.0 
100.068055556 0.988789641508 1.0 
100.06875 0.989035977153 1.0 
100.069444444 0.989079021222 1.0 
100.070138889 0.989094960417 1.0 
100.070833333 0.988915345267 1.0 
100.071527778 0.988919623883 1.0 
100.072222222 0.988937938474 1.0 
100.072916667 0.989043054834 1.0 
100.073611111 0.989011942894 1.0 
100.074305556 0.988860637286 1.0 
100.075 0.988941862941 1.0 
100.075694444 0.98901847016 1.0 
100.076388889 0.989094217101 1.0 
100.077083333 0.988856940233 1.0 
100.077777778 0.988882013262 1.0 
100.078472222 0.989012314439 1.0 
100.079166667 0.988907312836 1.0 
100.079861111 0.989025242145 1.0 
100.080555556 0.988807996061 1.0 
100.08125 0.988978122339 1.0 
100.081944444 0.988980144804 1.0 
100.082638889 0.989101957183 1.0 
100.083333333 0.989087339663 1.0 
100.084027778 0.989128611615 1.0 
100.084722222 0.989219804187 1.0 
100.085416667 0.988893938302 1.0 
100.086111111 0.988874943466 1.0 
100.086805556 0.989027338672 1.0 
100.0875 0.989123372183 1.0 
100.088194444 0.989117523498 1.0 
100.088888889 0.989038392998 1.0 
100.089583333 0.989113546618 1.0 
100.090277778 0.989044170285 1.0 
100.090972222 0.989163161688 1.0 
100.091666667 0.988926970599 1.0 
100.092361111 0.989018134853 1.0 
100.093055556 0.989113490839 1.0 
100.09375 0.989030793406 1.0 
100.094444444 0.989126088802 1.0 
100.095138889 0.989099883266 1.0 
100.095833333 0.989011626568 1.0 
100.096527778 0.989130327904 1.0 
100.097222222 0.989150259049 1.0 
100.097916667 0.989292605127 1.0 
100.098611111 0.989127178043 1.0 
100.099305556 0.989137676292 1.0 
100.1 0.98901946988 1.0 
100.100694444 0.989296541011 1.0 
100.101388889 0.989135724228 1.0 
100.102083333 0.989024551098 1.0 
100.102777778 0.98888152119 1.0 
100.103472222 0.989119830958 1.0 
100.104166667 0.988947669204 1.0 
100.104861111 0.989305155019 1.0 
100.105555556 0.989191469535 1.0 
100.10625 0.989179394356 1.0 
100.106944444 0.989100589682 1.0 
100.107638889 0.989314706467 1.0 
100.108333333 0.989091924432 1.0 
100.109027778 0.989342088011 1.0 
100.109722222 0.989190920758 1.0 
100.110416667 0.989173114395 1.0 
100.111111111 0.989173372104 1.0 
100.111805556 0.988939579921 1.0 
100.1125 0.989221291112 1.0 
100.113194444 0.989248477289 1.0 
100.113888889 0.989163548601 1.0 
100.114583333 0.98921927816 1.0 
100.115277778 0.989271718918 1.0 
100.115972222 0.989239170505 1.0 
100.116666667 0.989240466944 1.0 
100.117361111 0.989284140712 1.0 
100.118055556 0.989294623117 1.0 
100.11875 0.989295853233 1.0 
100.119444444 0.989257772546 1.0 
100.120138889 0.989085044054 1.0 
100.120833333 0.989361477508 1.0 
100.121527778 0.989229029498 1.0 
100.122222222 0.989218852711 1.0 
100.122916667 0.989234314733 1.0 
100.123611111 0.989200322805 1.0 
100.124305556 0.989381190171 1.0 
100.125 0.98918566036 1.0 
100.125694444 0.989431609793 1.0 
100.126388889 0.989261166875 1.0 
100.127083333 0.989156641337 1.0 
100.127777778 0.989372038396 1.0 
100.128472222 0.989251939937 1.0 
100.129166667 0.989339789526 1.0 
100.129861111 0.98936729987 1.0 
100.130555556 0.989269134957 1.0 
100.13125 0.989400398535 1.0 
100.131944444 0.989299873897 1.0 
100.132638889 0.989439970246 1.0 
100.133333333 0.989323081585 1.0 
100.134027778 0.989218713862 1.0 
100.134722222 0.989446494409 1.0 
100.135416667 0.989313636237 1.0 
100.136111111 0.989397513114 1.0 
100.136805556 0.989419332427 1.0 
100.1375 0.989517405179 1.0 
100.138194444 0.98936947285 1.0 
100.138888889 0.989586166902 1.0 
100.139583333 0.989388830568 1.0 
100.140277778 0.989389828135 1.0 
100.140972222 0.98943263281 1.0 
100.141666667 0.989133066048 1.0 
100.142361111 0.989383619826 1.0 
100.143055556 0.989435999579 1.0 
100.14375 0.989454397003 1.0 
100.144444444 0.989572013125 1.0 
100.145138889 0.989659602219 1.0 
100.145833333 0.989504499057 1.0 
100.146527778 0.989454964135 1.0 
100.147222222 0.989715707762 1.0 
100.147916667 0.989431087337 1.0 
100.148611111 0.989639536834 1.0 
100.149305556 0.989629037838 1.0 
100.15 0.989621059688 1.0 
100.150694444 0.989594169433 1.0 
100.151388889 0.989512780608 1.0 
100.152083333 0.989370632683 1.0 
100.152777778 0.98957152458 1.0 
100.153472222 0.989701039956 1.0 
100.154166667 0.989614143481 1.0 
100.154861111 0.989704520741 1.0 
100.155555556 0.989774505298 1.0 
100.15625 0.989603255461 1.0 
100.156944444 0.989597357231 1.0 
100.157638889 0.989855706711 1.0 
100.158333333 0.989662779946 1.0 
100.159027778 0.989775923015 1.0 
100.159722222 0.989822958104 1.0 
100.160416667 0.989549361162 1.0 
100.161111111 0.98985391452 1.0 
100.161805556 0.989612406222 1.0 
100.1625 0.989685058242 1.0 
100.163194444 0.98979415202 1.0 
100.163888889 0.989710632631 1.0 
100.164583333 0.989755682411 1.0 
100.165277778 0.989868973732 1.0 
100.165972222 0.989717413479 1.0 
100.166666667 0.989919562683 1.0 
100.167361111 0.989770570463 1.0 
100.168055556 0.989816688066 1.0 
100.16875 0.989816097953 1.0 
100.169444444 0.989931832985 1.0 
100.170138889 0.989957319099 1.0 
100.170833333 0.989727928277 1.0 
100.171527778 0.989969079472 1.0 
100.172222222 0.989880818348 1.0 
100.172916667 0.989964213951 1.0 
100.173611111 0.989960002001 1.0 
100.174305556 0.989848284455 1.0 
100.175 0.989876047644 1.0 
100.175694444 0.990090577312 1.0 
100.176388889 0.990161262532 1.0 
100.177083333 0.990079263763 1.0 
100.177777778 0.989976085186 1.0 
100.178472222 0.99001770882 1.0 
100.179166667 0.990044002374 1.0 
100.179861111 0.989949215015 1.0 
100.180555556 0.989929656329 1.0 
100.18125 0.990083688287 1.0 
100.181944444 0.990150946964 1.0 
100.182638889 0.989909569231 1.0 
100.183333333 0.990046723274 1.0 
100.184027778 0.989950763585 1.0 
100.184722222 0.990011136257 1.0 
100.185416667 0.990243218865 1.0 
100.186111111 0.990209771437 1.0 
100.186805556 0.990150599343 1.0 
100.1875 0.990274804099 1.0 
100.188194444 0.990158778242 1.0 
100.188888889 0.99032434663 1.0 
100.189583333 0.990309929312 1.0 
100.190277778 0.990214412574 1.0 
100.190972222 0.990277070863 1.0 
100.191666667 0.990132881542 1.0 
100.192361111 0.990431674208 1.0 
100.193055556 0.990407435812 1.0 
100.19375 0.990285337285 1.0 
100.194444444 0.990336862589 1.0 
100.195138889 0.990345240748 1.0 
100.195833333 0.990452256529 1.0 
100.196527778 0.9904664338 1.0 
100.197222222 0.990179740893 1.0 
100.197916667 0.990670856702 1.0 
100.198611111 0.990418883 1.0 
100.199305556 0.990597196825 1.0 
100.2 0.990603892905 1.0 
100.200694444 0.990473655505 1.0 
100.201388889 0.990635296696 1.0 
100.202083333 0.990599348936 1.0 
100.202777778 0.990628074715 1.0 
100.203472222 0.990608715948 1.0 
100.204166667 0.990687723022 1.0 
100.204861111 0.990755663284 1.0 
100.205555556 0.990452938893 1.0 
100.20625 0.990664681487 1.0 
100.206944444 0.990711971023 1.0 
100.207638889 0.990737515223 1.0 
100.208333333 0.990845115229 1.0 
100.209027778 0.990884399778 1.0 
100.209722222 0.990955714707 1.0 
100.210416667 0.990882149406 1.0 
100.211111111 0.991053287402 1.0 
100.211805556 0.990877320767 1.0 
100.2125 0.990867437624 1.0 
100.213194444 0.99106340915 1.0 
100.213888889 0.990987414632 1.0 
100.214583333 0.991152372828 1.0 
100.215277778 0.990857514782 1.0 
100.215972222 0.991195934299 1.0 
100.216666667 0.991272431111 1.0 
100.217361111 0.991128336058 1.0 
100.218055556 0.991029540729 1.0 
100.21875 0.991094981982 1.0 
100.219444444 0.99125118786 1.0 
100.220138889 0.991362366949 1.0 
100.220833333 0.991138344608 1.0 
100.221527778 0.991432585603 1.0 
100.222222222 0.991573163124 1.0 
100.222916667 0.991556657217 1.0 
100.223611111 0.99162201738 1.0 
100.224305556 0.991853872583 1.0 
100.225 0.991954714936 1.0 
100.225694444 0.991824285825 1.0 
100.226388889 0.991731409332 1.0 
100.227083333 0.991802722048 1.0 
100.227777778 0.991866719251 1.0 
100.228472222 0.992195584795 1.0 
100.229166667 0.992381140928 1.0 
100.229861111 0.992513294047 1.0 
100.230555556 0.992182657888 1.0 
100.23125 0.992356150773 1.0 
100.231944444 0.992677434746 1.0 
100.232638889 0.992710539386 1.0 
100.233333333 0.992935212069 1.0 
100.234027778 0.992875167001 1.0 
100.234722222 0.99306458181 1.0 
100.235416667 0.993419650183 1.0 
100.236111111 0.993312627418 1.0 
100.236805556 0.993583065061 1.0 
100.2375 0.993768635951 1.0 
100.238194444 0.993643325949 1.0 
100.238888889 0.993912755161 1.0 
100.239583333 0.994121711081 1.0 
100.240277778 0.994049871467 1.0 
100.240972222 0.994161006234 1.0 
100.241666667 0.994258428315 1.0 
100.242361111 0.994154419399 1.0 
100.243055556 0.994384939584 1.0 
100.24375 0.994699844285 1.0 
100.244444444 0.994853290948 1.0 
100.245138889 0.994750404892 1.0 
100.245833333 0.995015915005 1.0 
100.246527778 0.994983408155 1.0 
100.247222222 0.995102558097 1.0 
100.247916667 0.995340903319 1.0 
100.248611111 0.995508364562 1.0 
100.249305556 0.995361627631 1.0 
100.25 0.99568049612 1.0 
100.250694444 0.995734759943 1.0 
100.251388889 0.995945434578 1.0 
100.252083333 0.995746890556 1.0 
100.252777778 0.996207807296 1.0 
100.253472222 0.99618059375 1.0 
100.254166667 0.996410701166 1.0 
100.254861111 0.996547759082 1.0 
100.255555556 0.996764649043 1.0 
100.25625 0.996489877725 1.0 
100.256944444 0.996590610957 1.0 
100.257638889 0.997055560047 1.0 
100.258333333 0.997079252862 1.0 
100.259027778 0.99708308716 1.0 
100.259722222 0.997163100973 1.0 
100.260416667 0.997307302081 1.0 
100.261111111 0.997508967573 1.0 
100.261805556 0.997392078863 1.0 
100.2625 0.997798041054 1.0 
100.263194444 0.997560579331 1.0 
100.263888889 0.998016915638 1.0 
100.264583333 0.997748263551 1.0 
100.265277778 0.998151390665 1.0 
100.265972222 0.998196473846 1.0 
100.266666667 0.998586952458 1.0 
100.267361111 0.998234070261 1.0 
100.268055556 0.998575641229 1.0 
100.26875 0.998610629722 1.0 
100.269444444 0.998657539598 1.0 
100.270138889 0.998592905186 1.0 
100.270833333 0.99873869258 1.0 
100.271527778 0.99880133996 1.0 
100.272222222 0.998957294247 1.0 
100.272916667 0.998958595127 1.0 
100.273611111 0.998962291416 1.0 
100.274305556 0.999106730575 1.0 
100.275 0.999291660644 1.0 
100.275694444 0.999244099378 1.0 
100.276388889 0.999378166333 1.0 
100.277083333 0.999369346847 1.0 
100.277777778 0.999588148706 1.0 
100.278472222 0.999470684709 1.0 
100.279166667 0.999743201123 1.0 
100.279861111 0.999620938261 1.0 
100.280555556 0.999734691736 1.0 
100.28125 0.999892807826 1.0 
100.281944444 0.999725030309 1.0 
100.282638889 0.999855896951 1.0 
100.283333333 0.999730813533 1.0 
100.284027778 0.999647793101 1.0 
100.284722222 0.999985213054 1.0 
100.285416667 0.999729408703 1.0 
100.286111111 1.00000628106 1.0 
100.286805556 0.999978589914 1.0 
100.2875 1.0000405956 1.0 
100.288194444 0.999878690825 1.0 
100.288888889 0.999895898504 1.0 
100.289583333 0.999825262774 1.0 
100.290277778 0.999799281838 1.0 
100.290972222 0.999839237755 1.0 
100.291666667 1.00003211998 1.0 
100.292361111 1.00011531967 1.0 
100.293055556 0.999776910535 1.0 
100.29375 0.999903489636 1.0 
100.294444444 0.999858516495 1.0 
100.295138889 0.999913127022 1.0 
100.295833333 0.999755779709 1.0 
100.296527778 1.00006625908 1.0 
100.297222222 0.999996225737 1.0 
100.297916667 0.999811980571 1.0 
100.298611111 1.00000554144 1.0 
100.299305556 1.00005660045 1.0 
100.3 0.999945831119 1.0 
100.300694444 0.999865815565 1.0 
100.301388889 0.999967808803 1.0 
100.302083333 0.999864094263 1.0 
100.302777778 0.999798037969 1.0 
100.303472222 1.00002733565 1.0 
100.304166667 0.999953555599 1.0 
100.304861111 1.00005490485 1.0 
100.305555556 0.99980705876 1.0 
100.30625 0.999926083518 1.0 
100.306944444 1.00000807186 1.0 
100.307638889 0.999923049098 1.0 
100.308333333 0.999935829123 1.0 
100.309027778 1.00002251757 1.0 
100.309722222 1.00006594717 1.0 
100.310416667 0.999997332255 1.0 
100.311111111 0.999816663313 1.0 
100.311805556 1.0000339117 1.0 
100.3125 0.999863943257 1.0 
100.313194444 0.999938941274 1.0 
100.313888889 0.999911210986 1.0 
100.314583333 0.999920131216 1.0 
100.315277778 1.0000125969 1.0 
100.315972222 1.00005706672 1.0 
100.316666667 0.999819655774 1.0 
100.317361111 0.999976664097 1.0 
100.318055556 0.99998360953 1.0 
100.31875 0.999835860763 1.0 
100.319444444 1.0000853856 1.0 
100.320138889 0.999907386993 1.0 
100.320833333 0.999935233368 1.0 
100.321527778 0.999974807931 1.0 
100.322222222 1.00004162688 1.0 
100.322916667 1.00009580376 1.0 
100.323611111 0.99999442902 1.0 
100.324305556 0.999680242907 1.0 
100.325 1.0000240378 1.0 
100.325694444 1.00006169363 1.0 
100.326388889 0.999988220083 1.0 
100.327083333 0.999989152047 1.0 
100.327777778 0.999871628046 1.0 
100.328472222 1.00013253497 1.0 
100.329166667 1.00001886613 1.0 
100.329861111 1.00001194532 1.0 
100.330555556 1.00005986839 1.0 
100.33125 0.999905665671 1.0 
100.331944444 1.00000736553 1.0 
100.332638889 0.999686528338 1.0 
100.333333333 0.999864308773 1.0 
100.334027778 1.00015564751 1.0 
100.334722222 0.999992855323 1.0 
100.335416667 0.999824926991 1.0 
100.336111111 0.999878725942 1.0 
100.336805556 1.00007153629 1.0 
100.3375 0.999998915895 1.0 
100.338194444 0.99988313513 1.0 
100.338888889 0.999992872037 1.0 
100.339583333 0.999833862368 1.0 
100.340277778 0.999844494238 1.0 
100.340972222 1.00006739297 1.0 
100.341666667 0.999932044434 1.0 
100.342361111 0.999948112055 1.0 
100.343055556 0.999994348769 1.0 
100.34375 0.999866764924 1.0 
100.344444444 1.00003337117 1.0 
100.345138889 0.999998013829 1.0 
100.345833333 1.00001492894 1.0 
100.346527778 1.0001848941 1.0 
100.347222222 1.00005775919 1.0 
100.347916667 0.999933791501 1.0 
100.348611111 0.999748974935 1.0 
100.349305556 0.999957439806 1.0 
100.35 0.999876890627 1.0 
100.350694444 0.999935466543 1.0 
100.351388889 0.999979032309 1.0 
100.352083333 1.00007247564 1.0 
100.352777778 0.999809206189 1.0 
100.353472222 0.999931492751 1.0 
100.354166667 1.00007199048 1.0 
100.354861111 0.999937933186 1.0 
100.355555556 0.999882515499 1.0 
100.35625 0.99998636272 1.0 
100.356944444 0.999913140446 1.0 
100.357638889 0.999893223648 1.0 
100.358333333 0.999977184106 1.0 
100.359027778 1.00001819838 1.0 
100.359722222 0.999918892838 1.0 
100.360416667 0.99990724376 1.0 
100.361111111 0.999941384335 1.0 
100.361805556 0.999975102287 1.0 
100.3625 0.999860643574 1.0 
100.363194444 0.999859945519 1.0 
100.363888889 1.00003585726 1.0 
100.364583333 0.9998458925 1.0 
100.365277778 0.99992305758 1.0 
100.365972222 0.999949907493 1.0 
100.366666667 1.00014479198 1.0 
100.367361111 0.999953395809 1.0 
100.368055556 0.999917675036 1.0 
100.36875 1.00000755057 1.0 
100.369444444 1.00018874402 1.0 
100.370138889 0.999940878497 1.0 
100.370833333 0.999859691268 1.0 
100.371527778 0.999750778945 1.0 
100.372222222 1.00005572592 1.0 
100.372916667 0.999890143685 1.0 
100.373611111 1.0001104079 1.0 
100.374305556 0.99991348787 1.0 
100.375 0.999862703025 1.0 
100.375694444 0.999932439716 1.0 
100.376388889 0.999995317282 1.0 
100.377083333 0.999870013404 1.0 
100.377777778 0.999817449352 1.0 
100.378472222 0.999851576136 1.0 
100.379166667 0.999999997768 1.0 
100.379861111 0.999893788911 1.0 
100.380555556 0.99985810509 1.0 
100.38125 0.999913436713 1.0 
100.381944444 1.00000978499 1.0 
100.382638889 1.00003170578 1.0 
100.383333333 1.00010321737 1.0 
100.384027778 0.999945966532 1.0 
100.384722222 1.00010671846 1.0 
100.385416667 0.999919341863 1.0 
100.386111111 0.999802890413 1.0 
100.386805556 1.00011258439 1.0 
100.3875 1.00001687498 1.0 
100.388194444 0.999878435245 1.0 
100.388888889 0.999924881827 1.0 
100.389583333 0.999714487296 1.0 
100.390277778 0.999991057442 1.0 
100.390972222 1.00013891913 1.0 
100.391666667 0.999916970074 1.0 
100.392361111 0.999864248214 1.0 
100.393055556 0.99982450234 1.0 
100.39375 1.00000150247 1.0 
100.394444444 0.999874080277 1.0 
100.395138889 0.999830097461 1.0 
100.395833333 0.999947650468 1.0 
100.396527778 0.999862003279 1.0 
100.397222222 0.999954270351 1.0 
100.397916667 1.00000874301 1.0 
100.398611111 0.999722989441 1.0 
100.399305556 0.999836067817 1.0 
100.4 1.00000964911 1.0 
100.400694444 0.999910662404 1.0 
100.401388889 0.999930781643 1.0 
100.402083333 0.999980691714 1.0 
100.402777778 0.999957604901 1.0 
100.403472222 1.00010351596 1.0 
100.404166667 0.99982654035 1.0 
100.404861111 0.999880818242 1.0 
100.405555556 0.999814079945 1.0 
100.40625 1.00000070023 1.0 
100.406944444 0.999868177237 1.0 
100.407638889 0.999931806834 1.0 
100.408333333 1.00010595941 1.0 
100.409027778 0.999941261026 1.0 
100.409722222 0.99994810863 1.0 
100.410416667 0.999915062407 1.0 
100.411111111 0.999859209337 1.0 
100.411805556 0.999825259789 1.0 
100.4125 0.999835006913 1.0 
100.413194444 0.999947420169 1.0 
100.413888889 0.999971966939 1.0 
100.414583333 0.999999800365 1.0 
100.415277778 1.00008406757 1.0 
100.415972222 0.999930615953 1.0 
100.416666667 0.999876757233 1.0 
100.417361111 0.999965270521 1.0 
100.418055556 0.999874302551 1.0 
100.41875 0.999860432737 1.0 
100.419444444 1.00000292464 1.0 
100.420138889 0.99989875842 1.0 
100.420833333 0.999866000763 1.0 
100.421527778 0.999833000851 1.0 
100.422222222 1.00008400976 1.0 
100.422916667 0.999932872093 1.0 
100.423611111 0.999971234234 1.0 
100.424305556 0.999880597305 1.0 
100.425 1.00004432366 1.0 
100.425694444 0.999671495145 1.0 
100.426388889 0.999801038355 1.0 
100.427083333 0.999855292187 1.0 
100.427777778 0.999988332227 1.0 
100.428472222 1.00000067033 1.0 
100.429166667 0.999873305469 1.0 
100.429861111 0.999740924849 1.0 
100.430555556 0.999752980477 1.0 
100.43125 1.00015147995 1.0 
100.431944444 0.999797186498 1.0 
100.432638889 1.00001967842 1.0 
100.433333333 1.00003091378 1.0 
100.434027778 0.999848206808 1.0 
100.434722222 0.999892299771 1.0 
100.435416667 1.00003638096 1.0 
100.436111111 0.999963921863 1.0 
100.436805556 0.999896716625 1.0 
100.4375 1.00007078613 1.0 
100.438194444 0.999923752707 1.0 
100.438888889 0.999891212567 1.0 
100.439583333 1.00012481281 1.0 
100.440277778 0.999787897832 1.0 
100.440972222 0.999699973179 1.0 
100.441666667 0.999975139833 1.0 
100.442361111 1.00002703426 1.0 
100.443055556 0.999789361299 1.0 
100.44375 0.999683442636 1.0 
100.444444444 0.999861728641 1.0 
100.445138889 0.999938284774 1.0 
100.445833333 1.00008095345 1.0 
100.446527778 0.99995430056 1.0 
100.447222222 0.99997522435 1.0 
100.447916667 0.999855088472 1.0 
100.448611111 0.999733445462 1.0 
100.449305556 1.00008169785 1.0 
100.45 0.999969556944 1.0 
100.450694444 0.999938029786 1.0 
100.451388889 0.999780182728 1.0 
100.452083333 0.999785380947 1.0 
100.452777778 0.999982162642 1.0 
100.453472222 0.999777227369 1.0 
100.454166667 0.999853419824 1.0 
100.454861111 1.00020135813 1.0 
100.455555556 1.00024942007 1.0 
100.45625 0.999886125901 1.0 
100.456944444 0.999829926452 1.0 
100.457638889 0.999962316769 1.0 
100.458333333 0.9998771495 1.0 
100.459027778 0.999864864028 1.0 
100.459722222 0.99972326973 1.0 
100.460416667 0.999909144085 1.0 
100.461111111 1.00005571297 1.0 
100.461805556 0.999882989787 1.0 
100.4625 0.999885364603 1.0 
100.463194444 0.9998383155 1.0 
100.463888889 0.999804386617 1.0 
100.464583333 0.9999877051 1.0 
100.465277778 0.999846276104 1.0 
100.465972222 0.999783765403 1.0 
100.466666667 0.999863715682 1.0 
100.467361111 0.999935863501 1.0 
100.468055556 0.999940730422 1.0 
100.46875 0.999763888993 1.0 
100.469444444 0.99985938545 1.0 
100.470138889 1.00003264655 1.0 
100.470833333 0.999971003415 1.0 
100.471527778 0.999987874946 1.0 
100.472222222 0.999903373108 1.0 
100.472916667 0.99986736239 1.0 
100.473611111 0.999918841678 1.0 
100.474305556 0.99986201785 1.0 
100.475 1.00005307988 1.0 
100.475694444 0.999755837218 1.0 
100.476388889 1.00011333619 1.0 
100.477083333 0.999906184476 1.0 
100.477777778 0.999958483276 1.0 
100.478472222 0.999877319052 1.0 
100.479166667 0.999980040892 1.0 
100.479861111 0.999859079881 1.0 
100.480555556 0.999753791702 1.0 
100.48125 0.999884751274 1.0 
100.481944444 0.999923738314 1.0 
100.482638889 0.999963076296 1.0 
100.483333333 1.00004227735 1.0 
100.484027778 0.999829955024 1.0 
100.484722222 1.00020550677 1.0 
100.485416667 0.999825871565 1.0 
100.486111111 0.999849480659 1.0 
100.486805556 1.00000182945 1.0 
100.4875 0.999911696844 1.0 
100.488194444 1.00001634273 1.0 
100.488888889 0.999956664227 1.0 
100.489583333 0.999810808058 1.0 
100.490277778 0.999734126032 1.0 
100.490972222 1.00009055266 1.0 
100.491666667 0.999881853605 1.0 
100.492361111 0.999887022665 1.0 
100.493055556 1.00000039916 1.0 
100.49375 0.999843492888 1.0 
100.494444444 0.999911305382 1.0 
100.495138889 1.00000893075 1.0 
100.495833333 0.999903828123 1.0 
100.496527778 0.999777809039 1.0 
100.497222222 0.999955022324 1.0 
100.497916667 1.00020698497 1.0 
100.498611111 0.999956726184 1.0 
100.499305556 0.999917947712 1.0 
100.5 0.999881699931 1.0 
100.500694444 0.999865472166 1.0 
100.501388889 0.999729066083 1.0 
100.502083333 1.00000687343 1.0 
100.502777778 0.999820706355 1.0 
100.503472222 0.999923129769 1.0 
100.504166667 0.999873187063 1.0 
100.504861111 0.99987927367 1.0 
100.505555556 0.999828410134 1.0 
100.50625 0.999970707568 1.0 
100.506944444 1.00001962492 1.0 
100.507638889 0.999828921616 1.0 
100.508333333 0.999925175646 1.0 
100.509027778 0.999860304379 1.0 
100.509722222 0.999825182803 1.0 
100.510416667 1.00000332192 1.0 
100.511111111 0.999898058432 1.0 
100.511805556 0.99994653725 1.0 
100.5125 0.99998058957 1.0 
100.513194444 0.999971794814 1.0 
100.513888889 0.999788197059 1.0 
100.514583333 0.999926055628 1.0 
100.515277778 0.999883829599 1.0 
100.515972222 0.999975673436 1.0 
100.516666667 1.00005873855 1.0 
100.517361111 0.999937333051 1.0 
100.518055556 0.999875493064 1.0 
100.51875 0.999881521496 1.0 
100.519444444 0.999932816772 1.0 
100.520138889 0.999831445335 1.0 
100.520833333 0.999941259866 1.0 
100.521527778 0.999927227666 1.0 
100.522222222 1.00001393026 1.0 
100.522916667 0.999833997545 1.0 
100.523611111 0.999797480673 1.0 
100.524305556 0.999967080493 1.0 
100.525 0.999738429669 1.0 
100.525694444 0.999905048255 1.0 
100.526388889 1.0001712703 1.0 
100.527083333 0.999795301136 1.0 
100.527777778 0.999811561136 1.0 
100.528472222 0.999849096763 1.0 
100.529166667 1.00008522329 1.0 
100.529861111 0.999946297757 1.0 
100.530555556 1.00000496304 1.0 
100.53125 0.999825541534 1.0 
100.531944444 1.00014943365 1.0 
100.532638889 0.999766298816 1.0 
100.533333333 0.999960543131 1.0 
100.534027778 0.99996562222 1.0 
100.534722222 1.00001163663 1.0 
100.535416667 1.00000741639 1.0 
100.536111111 0.999905809751 1.0 
100.536805556 0.99987638621 1.0 
100.5375 1.00001043436 1.0 
100.538194444 0.999966088923 1.0 
100.538888889 1.0000405453 1.0 
100.539583333 0.999915095467 1.0 
100.540277778 0.99994650344 1.0 
100.540972222 1.00004497027 1.0 
100.541666667 0.999809462892 1.0 
100.542361111 0.999871834983 1.0 
100.543055556 0.999956767509 1.0 
100.54375 0.999806132244 1.0 
100.544444444 0.999935302429 1.0 
100.545138889 0.999971819406 1.0 
100.545833333 0.999900749329 1.0 
100.546527778 0.999952064706 1.0 
100.547222222 0.999957590217 1.0 
100.547916667 0.999838577118 1.0 
100.548611111 0.999757582897 1.0 
100.549305556 0.999879877239 1.0 
100.55 0.999890983886 1.0 
100.550694444 1.00007518818 1.0 
100.551388889 0.999831253265 1.0 
100.552083333 1.00000852778 1.0 
100.552777778 1.00008731129 1.0 
100.553472222 0.999999837197 1.0 
100.554166667 0.999860054932 1.0 
100.554861111 0.999896524861 1.0 
100.555555556 0.99998118518 1.0 
100.55625 0.999775162153 1.0 
100.556944444 0.999983066191 1.0 
100.557638889 0.999960097376 1.0 
100.558333333 0.999985985809 1.0 
100.559027778 1.00006990402 1.0 
100.559722222 0.999936293192 1.0 
100.560416667 0.99995532509 1.0 
100.561111111 0.99990639241 1.0 
100.561805556 0.999873656443 1.0 
100.5625 1.0000325314 1.0 
100.563194444 0.999984106108 1.0 
100.563888889 0.999761853835 1.0 
100.564583333 0.999920401311 1.0 
100.565277778 0.999782163831 1.0 
100.565972222 1.00012898955 1.0 
100.566666667 1.0000285754 1.0 
100.567361111 0.999921767192 1.0 
100.568055556 0.999894684539 1.0 
100.56875 0.999813211767 1.0 
100.569444444 0.999939017572 1.0 
100.570138889 1.00004491074 1.0 
100.570833333 0.999818579185 1.0 
100.571527778 1.00016147056 1.0 
100.572222222 0.9999470056 1.0 
100.572916667 1.00004299417 1.0 
100.573611111 0.999949991784 1.0 
100.574305556 0.999970404135 1.0 
100.575 0.999857938564 1.0 
100.575694444 0.99986081321 1.0 
100.576388889 0.999951704046 1.0 
100.577083333 0.999911800558 1.0 
100.577777778 0.999871035893 1.0 
100.578472222 0.999837008499 1.0 
100.579166667 0.999718131957 1.0 
100.579861111 1.00014527132 1.0 
100.580555556 0.999749472097 1.0 
100.58125 0.999821276386 1.0 
100.581944444 0.999894117066 1.0 
100.582638889 0.999660207226 1.0 
100.583333333 1.0000511097 1.0 
100.584027778 0.999905593566 1.0 
100.584722222 0.999801469724 1.0 
100.585416667 0.999939010327 1.0 
100.586111111 0.999958947218 1.0 
100.586805556 1.00000375386 1.0 
100.5875 0.999879712608 1.0 
100.588194444 0.999985740049 1.0 
100.588888889 0.999960785093 1.0 
100.589583333 0.999806696763 1.0 
100.590277778 0.999977086151 1.0 
100.590972222 0.99988047763 1.0 
100.591666667 0.999814003164 1.0 
100.592361111 0.999808576444 1.0 
100.593055556 1.00001273058 1.0 
100.59375 0.999865316307 1.0 
100.594444444 1.00007130345 1.0 
100.595138889 0.999826725449 1.0 
100.595833333 0.999805336298 1.0 
100.596527778 0.999809448867 1.0 
100.597222222 0.999802583028 1.0 
100.597916667 0.999868076831 1.0 
100.598611111 0.99989015555 1.0 
100.599305556 1.00007734095 1.0 
