-0.1 0.999936684252 1.0 
-0.0993055555556 1.00008620987 1.0 
-0.0986111111111 1.00015410529 1.0 
-0.0979166666667 0.999929117013 1.0 
-0.0972222222222 1.00001284546 1.0 
-0.0965277777778 0.999772928448 1.0 
-0.0958333333333 1.00008836131 1.0 
-0.0951388888889 0.999920818497 1.0 
-0.0944444444444 1.00000817475 1.0 
-0.09375 0.999908627927 1.0 
-0.0930555555556 1.00001706841 1.0 
-0.0923611111111 0.999965436732 1.0 
-0.0916666666667 1.00017315376 1.0 
-0.0909722222222 1.00021748905 1.0 
-0.0902777777778 0.999856816469 1.0 
-0.0895833333333 0.999872682432 1.0 
-0.0888888888889 1.00005901817 1.0 
-0.0881944444444 1.00005573707 1.0 
-0.0875 0.999973299871 1.0 
-0.0868055555556 0.999903242428 1.0 
-0.0861111111111 0.999888335761 1.0 
-0.0854166666667 1.00000880576 1.0 
-0.0847222222222 0.999882592005 1.0 
-0.0840277777778 1.0001040781 1.0 
-0.0833333333333 0.999985625322 1.0 
-0.0826388888889 0.999975684898 1.0 
-0.0819444444444 1.00005742781 1.0 
-0.08125 0.999810018297 1.0 
-0.0805555555556 0.999848664017 1.0 
-0.0798611111111 0.999887881909 1.0 
-0.0791666666667 1.00005237379 1.0 
-0.0784722222222 1.00005597552 1.0 
-0.0777777777778 0.999834202528 1.0 
-0.0770833333333 1.00008605516 1.0 
-0.0763888888889 0.99994072867 1.0 
-0.0756944444444 0.99991827216 1.0 
-0.075 0.999889496748 1.0 
-0.0743055555556 0.999687353154 1.0 
-0.0736111111111 1.00005855928 1.0 
-0.0729166666667 1.00000865398 1.0 
-0.0722222222222 0.999748513488 1.0 
-0.0715277777778 1.00001032829 1.0 
-0.0708333333333 0.999829538513 1.0 
-0.0701388888889 1.00005434065 1.0 
-0.0694444444444 1.00002788251 1.0 
-0.06875 1.00012193749 1.0 
-0.0680555555556 1.00002798544 1.0 
-0.0673611111111 0.99988934294 1.0 
-0.0666666666667 1.00007497408 1.0 
-0.0659722222222 0.999906952476 1.0 
-0.0652777777778 1.00006755602 1.0 
-0.0645833333333 1.00018054346 1.0 
-0.0638888888889 1.00001838476 1.0 
-0.0631944444444 1.00007421248 1.0 
-0.0625 0.999933875661 1.0 
-0.0618055555556 0.999838884732 1.0 
-0.0611111111111 0.999951778446 1.0 
-0.0604166666667 1.00008552527 1.0 
-0.0597222222222 0.999978416497 1.0 
-0.0590277777778 1.00004068841 1.0 
-0.0583333333333 0.999938916166 1.0 
-0.0576388888889 0.999931089124 1.0 
-0.0569444444444 1.00000623764 1.0 
-0.05625 1.00016029603 1.0 
-0.0555555555556 0.999995232675 1.0 
-0.0548611111111 1.0000107994 1.0 
-0.0541666666667 1.00017413069 1.0 
-0.0534722222222 0.999979182151 1.0 
-0.0527777777778 0.999917353977 1.0 
-0.0520833333333 1.00005828474 1.0 
-0.0513888888889 0.999959561406 1.0 
-0.0506944444444 1.0000047439 1.0 
-0.05 1.00012884326 1.0 
-0.0493055555556 0.999877055274 1.0 
-0.0486111111111 1.00005627315 1.0 
-0.0479166666667 0.999915894903 1.0 
-0.0472222222222 1.00009739672 1.0 
-0.0465277777778 0.999910148948 1.0 
-0.0458333333333 0.999940484471 1.0 
-0.0451388888889 1.00003776273 1.0 
-0.0444444444444 0.999999165109 1.0 
-0.04375 0.999922214416 1.0 
-0.0430555555556 1.00017678849 1.0 
-0.0423611111111 1.00011993465 1.0 
-0.0416666666667 1.00004268408 1.0 
-0.0409722222222 1.00011376278 1.0 
-0.0402777777778 0.999959314274 1.0 
-0.0395833333333 0.999977059703 1.0 
-0.0388888888889 0.999928299209 1.0 
-0.0381944444444 0.999974156582 1.0 
-0.0375 1.0001052027 1.0 
-0.0368055555556 0.999947620814 1.0 
-0.0361111111111 0.999952938042 1.0 
-0.0354166666667 0.999929713016 1.0 
-0.0347222222222 0.999961529057 1.0 
-0.0340277777778 1.00008382881 1.0 
-0.0333333333333 1.00018525432 1.0 
-0.0326388888889 1.00005918607 1.0 
-0.0319444444444 1.00002885022 1.0 
-0.03125 1.00004756634 1.0 
-0.0305555555556 1.00009878995 1.0 
-0.0298611111111 1.00002798153 1.0 
-0.0291666666667 1.00002751788 1.0 
-0.0284722222222 1.00015862911 1.0 
-0.0277777777778 0.999923333128 1.0 
-0.0270833333333 1.00025476565 1.0 
-0.0263888888889 0.999932147072 1.0 
-0.0256944444444 1.00005500329 1.0 
-0.025 1.00004518575 1.0 
-0.0243055555556 1.00019024267 1.0 
-0.0236111111111 0.999980014147 1.0 
-0.0229166666667 1.00013393231 1.0 
-0.0222222222222 1.0002182646 1.0 
-0.0215277777778 0.999999067089 1.0 
-0.0208333333333 1.00009042342 1.0 
-0.0201388888889 1.00031842236 1.0 
-0.0194444444444 1.00005982214 1.0 
-0.01875 1.00004677776 1.0 
-0.0180555555556 0.999929481364 1.0 
-0.0173611111111 0.999908493764 1.0 
-0.0166666666667 1.00003947391 1.0 
-0.0159722222222 0.99994304919 1.0 
-0.0152777777778 1.00009443018 1.0 
-0.0145833333333 1.00003828994 1.0 
-0.0138888888889 1.00021227447 1.0 
-0.0131944444444 1.00002765512 1.0 
-0.0125 1.00018269346 1.0 
-0.0118055555556 1.00009860195 1.0 
-0.0111111111111 1.00005859699 1.0 
-0.0104166666667 0.999976027724 1.0 
-0.00972222222222 1.00001951665 1.0 
-0.00902777777778 1.00010867872 1.0 
-0.00833333333333 1.00006026699 1.0 
-0.00763888888889 1.00002286329 1.0 
-0.00694444444444 0.999959861512 1.0 
-0.00625 1.00016642427 1.0 
-0.00555555555556 0.999905136112 1.0 
-0.00486111111111 1.00008235295 1.0 
-0.00416666666667 1.0002604294 1.0 
-0.00347222222222 1.00002219904 1.0 
-0.00277777777778 1.00005683255 1.0 
-0.00208333333333 1.00006876969 1.0 
-0.00138888888889 1.00009717832 1.0 
-0.000694444444445 0.999732641036 1.0 
-3.33066907388e-16 1.00013002732 1.0 
0.000694444444444 0.999992943339 1.0 
0.00138888888889 0.99984776052 1.0 
0.00208333333333 0.999870152421 1.0 
0.00277777777778 1.00018110214 1.0 
0.00347222222222 1.00010211414 1.0 
0.00416666666667 0.999910125539 1.0 
0.00486111111111 1.00003403662 1.0 
0.00555555555556 1.00001126439 1.0 
0.00625 0.999919484182 1.0 
0.00694444444444 1.00001534715 1.0 
0.00763888888889 0.999939440747 1.0 
0.00833333333333 0.999968939591 1.0 
0.00902777777778 1.00007510325 1.0 
0.00972222222222 0.999965961453 1.0 
0.0104166666667 1.00008707586 1.0 
0.0111111111111 1.00001557671 1.0 
0.0118055555556 1.00002862892 1.0 
0.0125 1.00018654206 1.0 
0.0131944444444 1.00005000667 1.0 
0.0138888888889 1.00017166302 1.0 
0.0145833333333 1.00007696129 1.0 
0.0152777777778 1.00003916255 1.0 
0.0159722222222 1.00008080276 1.0 
0.0166666666667 1.00010002328 1.0 
0.0173611111111 1.00018309989 1.0 
0.0180555555556 1.00008793629 1.0 
0.01875 0.999798668793 1.0 
0.0194444444444 0.999992083861 1.0 
0.0201388888889 1.00002150562 1.0 
0.0208333333333 1.00001919985 1.0 
0.0215277777778 1.00007521973 1.0 
0.0222222222222 1.00016270496 1.0 
0.0229166666667 1.0000837965 1.0 
0.0236111111111 1.00002551304 1.0 
0.0243055555556 1.0001893006 1.0 
0.025 1.00009102282 1.0 
0.0256944444444 0.999906129187 1.0 
0.0263888888889 0.999983024538 1.0 
0.0270833333333 0.999963923972 1.0 
0.0277777777778 0.999906832179 1.0 
0.0284722222222 1.00013336701 1.0 
0.0291666666667 1.00010238384 1.0 
0.0298611111111 0.999895437895 1.0 
0.0305555555556 0.999949835615 1.0 
0.03125 1.00006835375 1.0 
0.0319444444444 1.00009515663 1.0 
0.0326388888889 1.00006903934 1.0 
0.0333333333333 1.00021565822 1.0 
0.0340277777778 0.999855034504 1.0 
0.0347222222222 1.00009503034 1.0 
0.0354166666667 1.00005386421 1.0 
0.0361111111111 1.00024857618 1.0 
0.0368055555556 0.999875222392 1.0 
0.0375 0.999907629048 1.0 
0.0381944444444 0.999983619031 1.0 
0.0388888888889 1.00017553328 1.0 
0.0395833333333 0.999929728653 1.0 
0.0402777777778 0.999834811961 1.0 
0.0409722222222 0.999965896022 1.0 
0.0416666666667 0.999925749272 1.0 
0.0423611111111 1.00004487195 1.0 
0.0430555555556 0.999712679033 1.0 
0.04375 0.999981884929 1.0 
0.0444444444444 0.999840015788 1.0 
0.0451388888889 1.00011270089 1.0 
0.0458333333333 1.00003211224 1.0 
0.0465277777778 1.00006135524 1.0 
0.0472222222222 1.0001054252 1.0 
0.0479166666667 0.999736593829 1.0 
0.0486111111111 0.999921319159 1.0 
0.0493055555556 1.00007684637 1.0 
0.05 0.999974841127 1.0 
0.0506944444444 1.00004342744 1.0 
0.0513888888889 1.0000216451 1.0 
0.0520833333333 1.00007462129 1.0 
0.0527777777778 0.999820970465 1.0 
0.0534722222222 1.00005518359 1.0 
0.0541666666667 1.00014548897 1.0 
0.0548611111111 1.00005597206 1.0 
0.0555555555556 1.00007498597 1.0 
0.05625 1.00019077314 1.0 
0.0569444444444 0.999841283054 1.0 
0.0576388888889 0.999929115609 1.0 
0.0583333333333 1.00011017223 1.0 
0.0590277777778 1.0001623098 1.0 
0.0597222222222 1.00005699538 1.0 
0.0604166666667 0.999898340583 1.0 
0.0611111111111 1.00000576269 1.0 
0.0618055555556 1.00008149622 1.0 
0.0625 1.00008732264 1.0 
0.0631944444444 0.999957947744 1.0 
0.0638888888889 0.999960680877 1.0 
0.0645833333333 0.999904199661 1.0 
0.0652777777778 1.00002064561 1.0 
0.0659722222222 0.999923963894 1.0 
0.0666666666667 1.00000627902 1.0 
0.0673611111111 0.99999424538 1.0 
0.0680555555556 1.00001923279 1.0 
0.06875 1.00000742996 1.0 
0.0694444444444 0.999955033718 1.0 
0.0701388888889 0.999984413046 1.0 
0.0708333333333 1.00010186486 1.0 
0.0715277777778 1.00003531715 1.0 
0.0722222222222 1.00003960028 1.0 
0.0729166666667 1.00007281525 1.0 
0.0736111111111 1.00003978424 1.0 
0.0743055555556 1.00011133489 1.0 
0.075 1.00013881753 1.0 
0.0756944444444 1.00001313428 1.0 
0.0763888888889 1.00007505628 1.0 
0.0770833333333 0.999952255242 1.0 
0.0777777777778 0.999928608054 1.0 
0.0784722222222 1.0001460388 1.0 
0.0791666666667 1.00004759093 1.0 
0.0798611111111 1.00002931107 1.0 
0.0805555555556 0.999890410916 1.0 
0.08125 0.999826346576 1.0 
0.0819444444444 1.00014123984 1.0 
0.0826388888889 0.999981555463 1.0 
0.0833333333333 1.00005974926 1.0 
0.0840277777778 1.00002050921 1.0 
0.0847222222222 1.00020382991 1.0 
0.0854166666667 1.00000864667 1.0 
0.0861111111111 0.999952145672 1.0 
0.0868055555556 0.999945363023 1.0 
0.0875 0.999923742058 1.0 
0.0881944444444 0.999894532928 1.0 
0.0888888888889 1.00015067154 1.0 
0.0895833333333 1.00016404027 1.0 
0.0902777777778 1.00009375599 1.0 
0.0909722222222 0.999855785327 1.0 
0.0916666666667 1.00007915339 1.0 
0.0923611111111 1.00008959306 1.0 
0.0930555555556 1.00009304255 1.0 
0.09375 1.00004475507 1.0 
0.0944444444444 1.00012872459 1.0 
0.0951388888889 0.999937889382 1.0 
0.0958333333333 0.999956833367 1.0 
0.0965277777778 0.999886608159 1.0 
0.0972222222222 1.00033198958 1.0 
0.0979166666667 1.00011245671 1.0 
0.0986111111111 0.999812576284 1.0 
0.0993055555556 0.999908923713 1.0 
0.1 1.0000340116 1.0 
0.100694444444 1.0000270603 1.0 
0.101388888889 0.999962366176 1.0 
0.102083333333 0.9999353151 1.0 
0.102777777778 0.999932275489 1.0 
0.103472222222 1.00026084109 1.0 
0.104166666667 1.00011682198 1.0 
0.104861111111 0.99995506185 1.0 
0.105555555556 1.00006406823 1.0 
0.10625 1.00009941506 1.0 
0.106944444444 1.00001408633 1.0 
0.107638888889 1.0001003844 1.0 
0.108333333333 1.00015717985 1.0 
0.109027777778 0.999856419091 1.0 
0.109722222222 1.00012281143 1.0 
0.110416666667 0.999888885056 1.0 
0.111111111111 0.999868686141 1.0 
0.111805555556 1.00005891699 1.0 
0.1125 1.00020226651 1.0 
0.113194444444 1.00017805174 1.0 
0.113888888889 1.00008931748 1.0 
0.114583333333 1.00003042157 1.0 
0.115277777778 0.999902802981 1.0 
0.115972222222 0.99994944059 1.0 
0.116666666667 1.00002425467 1.0 
0.117361111111 0.999915480366 1.0 
0.118055555556 0.999936265315 1.0 
0.11875 0.999973663844 1.0 
0.119444444444 1.00004092023 1.0 
0.120138888889 1.0000596481 1.0 
0.120833333333 1.00001018169 1.0 
0.121527777778 1.00002576358 1.0 
0.122222222222 1.00002110194 1.0 
0.122916666667 1.0000973493 1.0 
0.123611111111 0.999950012417 1.0 
0.124305555556 1.00012917976 1.0 
0.125 1.00009914819 1.0 
0.125694444444 1.00011612544 1.0 
0.126388888889 1.00002026893 1.0 
0.127083333333 1.00011521252 1.0 
0.127777777778 0.999850250825 1.0 
0.128472222222 1.00005039864 1.0 
0.129166666667 0.999984897029 1.0 
0.129861111111 0.999925398742 1.0 
0.130555555556 1.00002339981 1.0 
0.13125 0.999904746624 1.0 
0.131944444444 1.00006078904 1.0 
0.132638888889 1.00001324733 1.0 
0.133333333333 1.00016724778 1.0 
0.134027777778 1.00009495009 1.0 
0.134722222222 0.999985014588 1.0 
0.135416666667 1.00007856881 1.0 
0.136111111111 1.00007872523 1.0 
0.136805555556 1.00016696875 1.0 
0.1375 0.999937969234 1.0 
0.138194444444 0.999970513342 1.0 
0.138888888889 0.999996604555 1.0 
0.139583333333 1.00011789045 1.0 
0.140277777778 1.00004533017 1.0 
0.140972222222 1.00015751488 1.0 
0.141666666667 0.999908388796 1.0 
0.142361111111 1.00005574298 1.0 
0.143055555556 1.00013494611 1.0 
0.14375 0.99987449242 1.0 
0.144444444444 1.00007684021 1.0 
0.145138888889 1.00000480586 1.0 
0.145833333333 1.00001957798 1.0 
0.146527777778 1.0001333188 1.0 
0.147222222222 1.000138797 1.0 
0.147916666667 0.999641483104 1.0 
0.148611111111 0.99991486661 1.0 
0.149305555556 0.999884497569 1.0 
0.15 1.00014766036 1.0 
0.150694444444 1.00001901372 1.0 
0.151388888889 0.999981769156 1.0 
0.152083333333 0.999896505563 1.0 
0.152777777778 1.00011456892 1.0 
0.153472222222 1.00011144301 1.0 
0.154166666667 0.999914696112 1.0 
0.154861111111 1.0002679316 1.0 
0.155555555556 1.0001954129 1.0 
0.15625 0.999964630853 1.0 
0.156944444444 0.999996855063 1.0 
0.157638888889 1.00008623355 1.0 
0.158333333333 1.00021721369 1.0 
0.159027777778 1.00007722231 1.0 
0.159722222222 1.00001583726 1.0 
0.160416666667 1.00004479257 1.0 
0.161111111111 1.00028870019 1.0 
0.161805555556 1.00000251233 1.0 
0.1625 1.00007147385 1.0 
0.163194444444 1.00005085737 1.0 
0.163888888889 1.00006910082 1.0 
0.164583333333 1.00002941619 1.0 
0.165277777778 1.00007112594 1.0 
0.165972222222 1.00004054013 1.0 
0.166666666667 1.00016500986 1.0 
0.167361111111 0.999922187053 1.0 
0.168055555556 0.99996111185 1.0 
0.16875 1.00003284475 1.0 
0.169444444444 0.99996931943 1.0 
0.170138888889 1.00026280589 1.0 
0.170833333333 1.00006630769 1.0 
0.171527777778 1.00017013533 1.0 
0.172222222222 1.00012303371 1.0 
0.172916666667 1.00021310388 1.0 
0.173611111111 0.999979317758 1.0 
0.174305555556 1.00004769008 1.0 
0.175 1.00014328555 1.0 
0.175694444444 1.0001203439 1.0 
0.176388888889 1.00024322412 1.0 
0.177083333333 1.00010573611 1.0 
0.177777777778 1.00000420778 1.0 
0.178472222222 1.00008942089 1.0 
0.179166666667 0.999968652432 1.0 
0.179861111111 0.999820748959 1.0 
0.180555555556 1.00006075942 1.0 
0.18125 0.999852305417 1.0 
0.181944444444 1.00019638108 1.0 
0.182638888889 0.999999052562 1.0 
0.183333333333 0.999954552465 1.0 
0.184027777778 1.00010714996 1.0 
0.184722222222 1.00010506917 1.0 
0.185416666667 0.999991221576 1.0 
0.186111111111 1.00001696122 1.0 
0.186805555556 1.00007770322 1.0 
0.1875 1.00001707066 1.0 
0.188194444444 1.00008368165 1.0 
0.188888888889 0.999902020842 1.0 
0.189583333333 0.999929811617 1.0 
0.190277777778 0.999970722191 1.0 
0.190972222222 0.999896627283 1.0 
0.191666666667 1.00011100408 1.0 
0.192361111111 0.999818481731 1.0 
0.193055555556 1.00006586071 1.0 
0.19375 0.999988585031 1.0 
0.194444444444 1.00016935868 1.0 
0.195138888889 0.999960448118 1.0 
0.195833333333 1.00000380181 1.0 
0.196527777778 0.999943051173 1.0 
0.197222222222 1.00022177334 1.0 
0.197916666667 1.00004139908 1.0 
0.198611111111 0.9999770508 1.0 
0.199305555556 1.00003017848 1.0 
0.2 1.00010561194 1.0 
0.200694444444 1.00010957946 1.0 
0.201388888889 1.00011619886 1.0 
0.202083333333 1.00010903455 1.0 
0.202777777778 0.999852408166 1.0 
0.203472222222 1.00003774519 1.0 
0.204166666667 0.999938960155 1.0 
0.204861111111 1.00031740922 1.0 
0.205555555556 1.00003163659 1.0 
0.20625 1.00011161932 1.0 
0.206944444444 1.00011518158 1.0 
0.207638888889 0.999846224051 1.0 
0.208333333333 0.999939967015 1.0 
0.209027777778 0.999956554904 1.0 
0.209722222222 1.00004166938 1.0 
0.210416666667 0.999974305072 1.0 
0.211111111111 0.999968069796 1.0 
0.211805555556 1.00009614442 1.0 
0.2125 1.00001357081 1.0 
0.213194444444 1.0000830306 1.0 
0.213888888889 1.00005191769 1.0 
0.214583333333 0.999987754526 1.0 
0.215277777778 0.999914640538 1.0 
0.215972222222 1.00001775596 1.0 
0.216666666667 1.00004744692 1.0 
0.217361111111 0.999932184261 1.0 
0.218055555556 0.999961563538 1.0 
0.21875 0.999889159666 1.0 
0.219444444444 0.999907840085 1.0 
0.220138888889 0.999955100781 1.0 
0.220833333333 0.999855611787 1.0 
0.221527777778 0.999850473834 1.0 
0.222222222222 0.999585870547 1.0 
0.222916666667 0.999635535129 1.0 
0.223611111111 0.99948179202 1.0 
0.224305555556 0.999396687675 1.0 
0.225 0.999340805051 1.0 
0.225694444444 0.999200611489 1.0 
0.226388888889 0.999356143673 1.0 
0.227083333333 0.999107654246 1.0 
0.227777777778 0.99912175049 1.0 
0.228472222222 0.999074903565 1.0 
0.229166666667 0.998914276532 1.0 
0.229861111111 0.99874920447 1.0 
0.230555555556 0.998712058844 1.0 
0.23125 0.99847191573 1.0 
0.231944444444 0.998692837589 1.0 
0.232638888889 0.998595715305 1.0 
0.233333333333 0.99835273489 1.0 
0.234027777778 0.998210229643 1.0 
0.234722222222 0.998075687612 1.0 
0.235416666667 0.998022189013 1.0 
0.236111111111 0.997910090907 1.0 
0.236805555556 0.997820116303 1.0 
0.2375 0.997756466664 1.0 
0.238194444444 0.997640218942 1.0 
0.238888888889 0.99742080858 1.0 
0.239583333333 0.997468183083 1.0 
0.240277777778 0.997265551751 1.0 
0.240972222222 0.9973492377 1.0 
0.241666666667 0.997141769075 1.0 
0.242361111111 0.997144949897 1.0 
0.243055555556 0.997014704338 1.0 
0.24375 0.996966470776 1.0 
0.244444444444 0.996659663123 1.0 
0.245138888889 0.996354799033 1.0 
0.245833333333 0.996411868824 1.0 
0.246527777778 0.996346929469 1.0 
0.247222222222 0.996263730814 1.0 
0.247916666667 0.996039091463 1.0 
0.248611111111 0.99582837504 1.0 
0.249305555556 0.99589563907 1.0 
0.25 0.99564962579 1.0 
0.250694444444 0.995601732445 1.0 
0.251388888889 0.995357270466 1.0 
0.252083333333 0.995284828446 1.0 
0.252777777778 0.995370357432 1.0 
0.253472222222 0.995254405503 1.0 
0.254166666667 0.995268578282 1.0 
0.254861111111 0.994930011741 1.0 
0.255555555556 0.994610628681 1.0 
0.25625 0.994771626346 1.0 
0.256944444444 0.994594458649 1.0 
0.257638888889 0.994500174112 1.0 
0.258333333333 0.994285749333 1.0 
0.259027777778 0.994186092915 1.0 
0.259722222222 0.994198783168 1.0 
0.260416666667 0.994072298372 1.0 
0.261111111111 0.993756912567 1.0 
0.261805555556 0.993835526073 1.0 
0.2625 0.993720906075 1.0 
0.263194444444 0.993456016058 1.0 
0.263888888889 0.99350946916 1.0 
0.264583333333 0.993481053199 1.0 
0.265277777778 0.993435356255 1.0 
0.265972222222 0.99300939799 1.0 
0.266666666667 0.992953072832 1.0 
0.267361111111 0.992717440967 1.0 
0.268055555556 0.992895976088 1.0 
0.26875 0.992579959891 1.0 
0.269444444444 0.992391283944 1.0 
0.270138888889 0.992393736332 1.0 
0.270833333333 0.992342990202 1.0 
0.271527777778 0.992252389835 1.0 
0.272222222222 0.992046947922 1.0 
0.272916666667 0.992356143023 1.0 
0.273611111111 0.991876503062 1.0 
0.274305555556 0.991790316308 1.0 
0.275 0.991750934501 1.0 
0.275694444444 0.991807060425 1.0 
0.276388888889 0.991728532265 1.0 
0.277083333333 0.991531764508 1.0 
0.277777777778 0.991682788487 1.0 
0.278472222222 0.991434868575 1.0 
0.279166666667 0.991559701832 1.0 
0.279861111111 0.99158581198 1.0 
0.280555555556 0.991260559694 1.0 
0.28125 0.991205975617 1.0 
0.281944444444 0.99125941654 1.0 
0.282638888889 0.991333168203 1.0 
0.283333333333 0.991214319812 1.0 
0.284027777778 0.991309887701 1.0 
0.284722222222 0.991190150914 1.0 
0.285416666667 0.991220736198 1.0 
0.286111111111 0.991227407423 1.0 
0.286805555556 0.99108649697 1.0 
0.2875 0.990984809406 1.0 
0.288194444444 0.991073083417 1.0 
0.288888888889 0.991072781356 1.0 
0.289583333333 0.991049980303 1.0 
0.290277777778 0.990916053648 1.0 
0.290972222222 0.99087670775 1.0 
0.291666666667 0.990885209554 1.0 
0.292361111111 0.990882173046 1.0 
0.293055555556 0.991076189829 1.0 
0.29375 0.990858127574 1.0 
0.294444444444 0.990716068064 1.0 
0.295138888889 0.990919562184 1.0 
0.295833333333 0.990851511597 1.0 
0.296527777778 0.990886489824 1.0 
0.297222222222 0.990692310109 1.0 
0.297916666667 0.990927612359 1.0 
0.298611111111 0.991030537383 1.0 
0.299305555556 0.990798665832 1.0 
0.3 0.990836495134 1.0 
0.300694444444 0.990639644398 1.0 
0.301388888889 0.990508774378 1.0 
0.302083333333 0.990533804589 1.0 
0.302777777778 0.990660737794 1.0 
0.303472222222 0.990478118453 1.0 
0.304166666667 0.990593103767 1.0 
0.304861111111 0.990299263418 1.0 
0.305555555556 0.990529728665 1.0 
0.30625 0.990412189061 1.0 
0.306944444444 0.990508475779 1.0 
0.307638888889 0.990563466703 1.0 
0.308333333333 0.99047184885 1.0 
0.309027777778 0.990401448133 1.0 
0.309722222222 0.990283194139 1.0 
0.310416666667 0.990307923986 1.0 
0.311111111111 0.990346507447 1.0 
0.311805555556 0.990242138048 1.0 
0.3125 0.990554907793 1.0 
0.313194444444 0.990189527968 1.0 
0.313888888889 0.99040353475 1.0 
0.314583333333 0.990067634465 1.0 
0.315277777778 0.990254405808 1.0 
0.315972222222 0.990298219854 1.0 
0.316666666667 0.990191483702 1.0 
0.317361111111 0.990132909161 1.0 
0.318055555556 0.990345326323 1.0 
0.31875 0.990227934646 1.0 
0.319444444444 0.990051958963 1.0 
0.320138888889 0.990093006045 1.0 
0.320833333333 0.989933083291 1.0 
0.321527777778 0.989946332765 1.0 
0.322222222222 0.99016118516 1.0 
0.322916666667 0.990268438161 1.0 
0.323611111111 0.990104595871 1.0 
0.324305555556 0.990150211943 1.0 
0.325 0.989982306141 1.0 
0.325694444444 0.989942544075 1.0 
0.326388888889 0.989920347865 1.0 
0.327083333333 0.990032152464 1.0 
0.327777777778 0.990085805989 1.0 
0.328472222222 0.989955993004 1.0 
0.329166666667 0.990232138609 1.0 
0.329861111111 0.989834083342 1.0 
0.330555555556 0.989940892316 1.0 
0.33125 0.989926376886 1.0 
0.331944444444 0.989917696231 1.0 
0.332638888889 0.989847413833 1.0 
0.333333333333 0.989805860998 1.0 
0.334027777778 0.98992681366 1.0 
0.334722222222 0.989868978818 1.0 
0.335416666667 0.989873976914 1.0 
0.336111111111 0.989886768112 1.0 
0.336805555556 0.989736209479 1.0 
0.3375 0.989653068291 1.0 
0.338194444444 0.989931996224 1.0 
0.338888888889 0.989676888981 1.0 
0.339583333333 0.989860759894 1.0 
0.340277777778 0.989827493707 1.0 
0.340972222222 0.989766827267 1.0 
0.341666666667 0.989856847382 1.0 
0.342361111111 0.989868007753 1.0 
0.343055555556 0.98972332906 1.0 
0.34375 0.98987197506 1.0 
0.344444444444 0.989691615924 1.0 
0.345138888889 0.989787894298 1.0 
0.345833333333 0.989741130138 1.0 
0.346527777778 0.989495350916 1.0 
0.347222222222 0.989680716071 1.0 
0.347916666667 0.989659495497 1.0 
0.348611111111 0.989583023971 1.0 
0.349305555556 0.989735217312 1.0 
0.35 0.989639832779 1.0 
0.350694444444 0.989732735303 1.0 
0.351388888889 0.989722495141 1.0 
0.352083333333 0.98979620444 1.0 
0.352777777778 0.989702750288 1.0 
0.353472222222 0.98954317376 1.0 
0.354166666667 0.989781630627 1.0 
0.354861111111 0.989654649597 1.0 
0.355555555556 0.989754280545 1.0 
0.35625 0.989693530835 1.0 
0.356944444444 0.989416268371 1.0 
0.357638888889 0.989555839049 1.0 
0.358333333333 0.989390358948 1.0 
0.359027777778 0.989480511576 1.0 
0.359722222222 0.989532156341 1.0 
0.360416666667 0.989631176061 1.0 
0.361111111111 0.989617323112 1.0 
0.361805555556 0.98954744717 1.0 
0.3625 0.989556632389 1.0 
0.363194444444 0.989420410655 1.0 
0.363888888889 0.989635474261 1.0 
0.364583333333 0.989726978173 1.0 
0.365277777778 0.989358468404 1.0 
0.365972222222 0.989487683657 1.0 
0.366666666667 0.989419457774 1.0 
0.367361111111 0.989397167404 1.0 
0.368055555556 0.989399813748 1.0 
0.36875 0.989593586647 1.0 
0.369444444444 0.989345860655 1.0 
0.370138888889 0.989398088515 1.0 
0.370833333333 0.989490791724 1.0 
0.371527777778 0.989420543705 1.0 
0.372222222222 0.989321220026 1.0 
0.372916666667 0.989519907985 1.0 
0.373611111111 0.989656050681 1.0 
0.374305555556 0.989422150739 1.0 
0.375 0.98933251899 1.0 
0.375694444444 0.98945482656 1.0 
0.376388888889 0.989336815482 1.0 
0.377083333333 0.989353982842 1.0 
0.377777777778 0.989337429817 1.0 
0.378472222222 0.989220374194 1.0 
0.379166666667 0.989236491904 1.0 
0.379861111111 0.989356682023 1.0 
0.380555555556 0.98944607365 1.0 
0.38125 0.98931328684 1.0 
0.381944444444 0.989529741385 1.0 
0.382638888889 0.989433968094 1.0 
0.383333333333 0.989340090241 1.0 
0.384027777778 0.989223927672 1.0 
0.384722222222 0.98918534322 1.0 
0.385416666667 0.989202949903 1.0 
0.386111111111 0.989273689405 1.0 
0.386805555556 0.989253628955 1.0 
0.3875 0.989319035237 1.0 
0.388194444444 0.989190860355 1.0 
0.388888888889 0.989404538639 1.0 
0.389583333333 0.989167284896 1.0 
0.390277777778 0.989234538496 1.0 
0.390972222222 0.989383838561 1.0 
0.391666666667 0.989336423499 1.0 
0.392361111111 0.989234227886 1.0 
0.393055555556 0.989485254385 1.0 
0.39375 0.989207505792 1.0 
0.394444444444 0.989419018278 1.0 
0.395138888889 0.989168484767 1.0 
0.395833333333 0.989249089371 1.0 
0.396527777778 0.989250726248 1.0 
0.397222222222 0.989240943223 1.0 
0.397916666667 0.989089625692 1.0 
0.398611111111 0.989075195377 1.0 
0.399305555556 0.98922759913 1.0 
0.4 0.989160903058 1.0 
0.400694444444 0.989225053756 1.0 
0.401388888889 0.98897415635 1.0 
0.402083333333 0.989194132676 1.0 
0.402777777778 0.989080250671 1.0 
0.403472222222 0.989188659051 1.0 
0.404166666667 0.989244906843 1.0 
0.404861111111 0.989209955416 1.0 
0.405555555556 0.989211775545 1.0 
0.40625 0.98906328196 1.0 
0.406944444444 0.989127373788 1.0 
0.407638888889 0.989248515382 1.0 
0.408333333333 0.989182118719 1.0 
0.409027777778 0.98921520062 1.0 
0.409722222222 0.988867107301 1.0 
0.410416666667 0.989264426712 1.0 
0.411111111111 0.989111673483 1.0 
0.411805555556 0.989246475268 1.0 
0.4125 0.989279847437 1.0 
0.413194444444 0.989164772081 1.0 
0.413888888889 0.98916399591 1.0 
0.414583333333 0.989238996369 1.0 
0.415277777778 0.988936911528 1.0 
0.415972222222 0.989255601867 1.0 
0.416666666667 0.989108320815 1.0 
0.417361111111 0.98915595651 1.0 
0.418055555556 0.988940539742 1.0 
0.41875 0.98896413657 1.0 
0.419444444444 0.988928810524 1.0 
0.420138888889 0.988974804622 1.0 
0.420833333333 0.98920034378 1.0 
0.421527777778 0.98910586744 1.0 
0.422222222222 0.989145119865 1.0 
0.422916666667 0.989243735605 1.0 
0.423611111111 0.989144866498 1.0 
0.424305555556 0.989073938122 1.0 
0.425 0.989052431585 1.0 
0.425694444444 0.989166630509 1.0 
0.426388888889 0.989116896594 1.0 
0.427083333333 0.989258786805 1.0 
0.427777777778 0.989018639726 1.0 
0.428472222222 0.988911144192 1.0 
0.429166666667 0.989224873638 1.0 
0.429861111111 0.989159114515 1.0 
0.430555555556 0.989217153218 1.0 
0.43125 0.98905075834 1.0 
0.431944444444 0.989024976838 1.0 
0.432638888889 0.98890369616 1.0 
0.433333333333 0.988985091607 1.0 
0.434027777778 0.989109544061 1.0 
0.434722222222 0.989096543785 1.0 
0.435416666667 0.988898871674 1.0 
0.436111111111 0.989037003356 1.0 
0.436805555556 0.9891655929 1.0 
0.4375 0.989158884824 1.0 
0.438194444444 0.989032656149 1.0 
0.438888888889 0.988871505424 1.0 
0.439583333333 0.989034375589 1.0 
0.440277777778 0.989003727287 1.0 
0.440972222222 0.989202223625 1.0 
0.441666666667 0.989118985624 1.0 
0.442361111111 0.988898629804 1.0 
0.443055555556 0.988940501885 1.0 
0.44375 0.989004341491 1.0 
0.444444444444 0.98888308277 1.0 
0.445138888889 0.988882731579 1.0 
0.445833333333 0.989011517682 1.0 
0.446527777778 0.989027075871 1.0 
0.447222222222 0.98904447189 1.0 
0.447916666667 0.989155675925 1.0 
0.448611111111 0.989055407024 1.0 
0.449305555556 0.988916372725 1.0 
0.45 0.988875456127 1.0 
0.450694444444 0.98903962034 1.0 
0.451388888889 0.989024026731 1.0 
0.452083333333 0.989123753504 1.0 
0.452777777778 0.989109627693 1.0 
0.453472222222 0.988946288754 1.0 
0.454166666667 0.98898380997 1.0 
0.454861111111 0.989087950378 1.0 
0.455555555556 0.989051287348 1.0 
0.45625 0.988887952774 1.0 
0.456944444444 0.98891727955 1.0 
0.457638888889 0.98895027992 1.0 
0.458333333333 0.988976182546 1.0 
0.459027777778 0.988989182826 1.0 
0.459722222222 0.989023431654 1.0 
0.460416666667 0.988981906794 1.0 
0.461111111111 0.988937311582 1.0 
0.461805555556 0.988867469925 1.0 
0.4625 0.988915323498 1.0 
0.463194444444 0.98896222761 1.0 
0.463888888889 0.988931719892 1.0 
0.464583333333 0.988966537746 1.0 
0.465277777778 0.988950499236 1.0 
0.465972222222 0.988918567127 1.0 
0.466666666667 0.989091882194 1.0 
0.467361111111 0.988993640364 1.0 
0.468055555556 0.989044162541 1.0 
0.46875 0.988941538788 1.0 
0.469444444444 0.988976160495 1.0 
0.470138888889 0.988959382725 1.0 
0.470833333333 0.989018450984 1.0 
0.471527777778 0.988874445971 1.0 
0.472222222222 0.988985098731 1.0 
0.472916666667 0.988863507696 1.0 
0.473611111111 0.988912135587 1.0 
0.474305555556 0.988876681008 1.0 
0.475 0.988829818093 1.0 
0.475694444444 0.988765808771 1.0 
0.476388888889 0.988901666407 1.0 
0.477083333333 0.988931045656 1.0 
0.477777777778 0.988926560142 1.0 
0.478472222222 0.98896609026 1.0 
0.479166666667 0.989027002046 1.0 
0.479861111111 0.989033918251 1.0 
0.480555555556 0.988837603416 1.0 
0.48125 0.989003450726 1.0 
0.481944444444 0.98889152819 1.0 
0.482638888889 0.988999700513 1.0 
0.483333333333 0.988948001335 1.0 
0.484027777778 0.988783324619 1.0 
0.484722222222 0.989004844291 1.0 
0.485416666667 0.989052301349 1.0 
0.486111111111 0.988828072863 1.0 
0.486805555556 0.988776201551 1.0 
0.4875 0.989054192449 1.0 
0.488194444444 0.989051452525 1.0 
0.488888888889 0.988921958821 1.0 
0.489583333333 0.988883038223 1.0 
0.490277777778 0.988968288118 1.0 
0.490972222222 0.988848664824 1.0 
0.491666666667 0.988891161773 1.0 
0.492361111111 0.988872311057 1.0 
0.493055555556 0.98870177318 1.0 
0.49375 0.988925198504 1.0 
0.494444444444 0.989068516129 1.0 
0.495138888889 0.989002977475 1.0 
0.495833333333 0.988800246084 1.0 
0.496527777778 0.988919002245 1.0 
0.497222222222 0.988777127733 1.0 
0.497916666667 0.988900937232 1.0 
0.498611111111 0.988643308373 1.0 
0.499305555556 0.988721490549 1.0 
0.5 0.988925330844 1.0 
0.500694444444 0.989010437788 1.0 
0.501388888889 0.988831820772 1.0 
0.502083333333 0.988830868372 1.0 
0.502777777778 0.988866684655 1.0 
0.503472222222 0.988856919915 1.0 
0.504166666667 0.988897663727 1.0 
0.504861111111 0.988832353469 1.0 
0.505555555556 0.988818579019 1.0 
0.50625 0.988933143856 1.0 
0.506944444444 0.988895669779 1.0 
0.507638888889 0.988905515232 1.0 
0.508333333333 0.989089335854 1.0 
0.509027777778 0.988903166376 1.0 
0.509722222222 0.988905327809 1.0 
0.510416666667 0.989008904816 1.0 
0.511111111111 0.988943952741 1.0 
0.511805555556 0.989073407374 1.0 
0.5125 0.988980858404 1.0 
0.513194444444 0.988838474187 1.0 
0.513888888889 0.988953472124 1.0 
0.514583333333 0.988800500571 1.0 
0.515277777778 0.988821561671 1.0 
0.515972222222 0.988840535252 1.0 
0.516666666667 0.98893469147 1.0 
0.517361111111 0.988906299293 1.0 
0.518055555556 0.989136319466 1.0 
0.51875 0.988994860598 1.0 
0.519444444444 0.989055906657 1.0 
0.520138888889 0.988756967512 1.0 
0.520833333333 0.989032022362 1.0 
0.521527777778 0.988904359572 1.0 
0.522222222222 0.988769896901 1.0 
0.522916666667 0.988800450003 1.0 
0.523611111111 0.988796832826 1.0 
0.524305555556 0.989023540353 1.0 
0.525 0.988933790692 1.0 
0.525694444444 0.988998999207 1.0 
0.526388888889 0.98880152171 1.0 
0.527083333333 0.989101224863 1.0 
0.527777777778 0.988876753247 1.0 
0.528472222222 0.988918071466 1.0 
0.529166666667 0.988983385641 1.0 
0.529861111111 0.988772750135 1.0 
0.530555555556 0.989095547106 1.0 
0.53125 0.988936358414 1.0 
0.531944444444 0.988797619974 1.0 
0.532638888889 0.98895135915 1.0 
0.533333333333 0.988779374698 1.0 
0.534027777778 0.988921304216 1.0 
0.534722222222 0.988782576728 1.0 
0.535416666667 0.988909353026 1.0 
0.536111111111 0.988944919492 1.0 
0.536805555556 0.989094284757 1.0 
0.5375 0.988952054833 1.0 
0.538194444444 0.9887560732 1.0 
0.538888888889 0.988841454286 1.0 
0.539583333333 0.988909294935 1.0 
0.540277777778 0.989004905228 1.0 
0.540972222222 0.988851926102 1.0 
0.541666666667 0.988855469076 1.0 
0.542361111111 0.988682782942 1.0 
0.543055555556 0.988919994959 1.0 
0.54375 0.988862228904 1.0 
0.544444444444 0.988810392391 1.0 
0.545138888889 0.988890007984 1.0 
0.545833333333 0.988737412291 1.0 
0.546527777778 0.989091308217 1.0 
0.547222222222 0.988964656393 1.0 
0.547916666667 0.989058843811 1.0 
0.548611111111 0.98885694461 1.0 
0.549305555556 0.988836810739 1.0 
0.55 0.988925622503 1.0 
0.550694444444 0.989010520669 1.0 
0.551388888889 0.989059413924 1.0 
0.552083333333 0.989051950317 1.0 
0.552777777778 0.988831543374 1.0 
0.553472222222 0.989012525642 1.0 
0.554166666667 0.989152433606 1.0 
0.554861111111 0.988898645041 1.0 
0.555555555556 0.988907740813 1.0 
0.55625 0.989086629116 1.0 
0.556944444444 0.989085734564 1.0 
0.557638888889 0.988897244029 1.0 
0.558333333333 0.98917896534 1.0 
0.559027777778 0.989004088287 1.0 
0.559722222222 0.988939380727 1.0 
0.560416666667 0.988814518458 1.0 
0.561111111111 0.989058186845 1.0 
0.561805555556 0.988982148354 1.0 
0.5625 0.989132113115 1.0 
0.563194444444 0.989229359779 1.0 
0.563888888889 0.9887461641 1.0 
0.564583333333 0.988888266504 1.0 
0.565277777778 0.988950491834 1.0 
0.565972222222 0.988965982897 1.0 
0.566666666667 0.98921991484 1.0 
0.567361111111 0.989033850069 1.0 
0.568055555556 0.989031422398 1.0 
0.56875 0.989032285396 1.0 
0.569444444444 0.988980400143 1.0 
0.570138888889 0.98904618223 1.0 
0.570833333333 0.988934243617 1.0 
0.571527777778 0.988960555549 1.0 
0.572222222222 0.98899101527 1.0 
0.572916666667 0.988990579688 1.0 
0.573611111111 0.988953362995 1.0 
0.574305555556 0.989099256155 1.0 
0.575 0.989054985108 1.0 
0.575694444444 0.989047546214 1.0 
0.576388888889 0.988966763496 1.0 
0.577083333333 0.988929480372 1.0 
0.577777777778 0.989061510258 1.0 
0.578472222222 0.989038167419 1.0 
0.579166666667 0.989015264554 1.0 
0.579861111111 0.989056905903 1.0 
0.580555555556 0.989083993946 1.0 
0.58125 0.989091217196 1.0 
0.581944444444 0.989156211211 1.0 
0.582638888889 0.989181831743 1.0 
0.583333333333 0.98917327292 1.0 
0.584027777778 0.989126301726 1.0 
0.584722222222 0.98916190226 1.0 
0.585416666667 0.989065935846 1.0 
0.586111111111 0.989117096669 1.0 
0.586805555556 0.989237532675 1.0 
0.5875 0.98896400139 1.0 
0.588194444444 0.989087310803 1.0 
0.588888888889 0.989098741571 1.0 
0.589583333333 0.989093440397 1.0 
0.590277777778 0.989188634915 1.0 
0.590972222222 0.989009984939 1.0 
0.591666666667 0.989211393839 1.0 
0.592361111111 0.989027109866 1.0 
0.593055555556 0.989050059758 1.0 
0.59375 0.98921029631 1.0 
0.594444444444 0.98913372598 1.0 
0.595138888889 0.989151513839 1.0 
0.595833333333 0.989278086833 1.0 
0.596527777778 0.989097723272 1.0 
0.597222222222 0.989162540197 1.0 
0.597916666667 0.989198313297 1.0 
0.598611111111 0.989271575329 1.0 
0.599305555556 0.989153923163 1.0 
0.6 0.989241182129 1.0 
0.600694444444 0.989173315344 1.0 
0.601388888889 0.989352471242 1.0 
0.602083333333 0.989362417895 1.0 
0.602777777778 0.989130899417 1.0 
0.603472222222 0.989107975654 1.0 
0.604166666667 0.989156055326 1.0 
0.604861111111 0.989190132412 1.0 
0.605555555556 0.989275610228 1.0 
0.60625 0.989117313043 1.0 
0.606944444444 0.989310175384 1.0 
0.607638888889 0.989160360643 1.0 
0.608333333333 0.989262125774 1.0 
0.609027777778 0.989103914476 1.0 
0.609722222222 0.9891295041 1.0 
0.610416666667 0.989130787287 1.0 
0.611111111111 0.989282023889 1.0 
0.611805555556 0.98940626896 1.0 
0.6125 0.989157666213 1.0 
0.613194444444 0.989259367868 1.0 
0.613888888889 0.989329546764 1.0 
0.614583333333 0.989387411671 1.0 
0.615277777778 0.989430012259 1.0 
0.615972222222 0.989105303569 1.0 
0.616666666667 0.989045799091 1.0 
0.617361111111 0.989038665708 1.0 
0.618055555556 0.989298148182 1.0 
0.61875 0.989267403198 1.0 
0.619444444444 0.989251047856 1.0 
0.620138888889 0.989226337738 1.0 
0.620833333333 0.989376294525 1.0 
0.621527777778 0.989135787996 1.0 
0.622222222222 0.9892335399 1.0 
0.622916666667 0.989262501729 1.0 
0.623611111111 0.98952141355 1.0 
0.624305555556 0.989287264979 1.0 
0.625 0.989269275899 1.0 
0.625694444444 0.989205559988 1.0 
0.626388888889 0.989317672377 1.0 
0.627083333333 0.989187538091 1.0 
0.627777777778 0.989365512619 1.0 
0.628472222222 0.989390821434 1.0 
0.629166666667 0.98925855569 1.0 
0.629861111111 0.989493564662 1.0 
0.630555555556 0.98927765721 1.0 
0.63125 0.989315256901 1.0 
0.631944444444 0.989412971442 1.0 
0.632638888889 0.989513643425 1.0 
0.633333333333 0.989376770958 1.0 
0.634027777778 0.989519602401 1.0 
0.634722222222 0.989559959143 1.0 
0.635416666667 0.989380381379 1.0 
0.636111111111 0.989594186898 1.0 
0.636805555556 0.989489307272 1.0 
0.6375 0.989513479932 1.0 
0.638194444444 0.989458573132 1.0 
0.638888888889 0.989518308504 1.0 
0.639583333333 0.989777612472 1.0 
0.640277777778 0.989607899716 1.0 
0.640972222222 0.989776030072 1.0 
0.641666666667 0.989543441208 1.0 
0.642361111111 0.989545085656 1.0 
0.643055555556 0.989503375548 1.0 
0.64375 0.989544420882 1.0 
0.644444444444 0.989659351028 1.0 
0.645138888889 0.989656158142 1.0 
0.645833333333 0.989600734443 1.0 
0.646527777778 0.989448422571 1.0 
0.647222222222 0.989624259401 1.0 
0.647916666667 0.989424063738 1.0 
0.648611111111 0.989533273153 1.0 
0.649305555556 0.989631502639 1.0 
0.65 0.989733074685 1.0 
0.650694444444 0.989627892779 1.0 
0.651388888889 0.989704596285 1.0 
0.652083333333 0.989530806613 1.0 
0.652777777778 0.989711343804 1.0 
0.653472222222 0.989529551811 1.0 
0.654166666667 0.98964524049 1.0 
0.654861111111 0.989715099177 1.0 
0.655555555556 0.989587506783 1.0 
0.65625 0.98962393427 1.0 
0.656944444444 0.98980891013 1.0 
0.657638888889 0.989835641277 1.0 
0.658333333333 0.989630654321 1.0 
0.659027777778 0.989556014106 1.0 
0.659722222222 0.989862616694 1.0 
0.660416666667 0.98984525711 1.0 
0.661111111111 0.98978801459 1.0 
0.661805555556 0.989805688248 1.0 
0.6625 0.989794306957 1.0 
0.663194444444 0.989875005695 1.0 
0.663888888889 0.989884277917 1.0 
0.664583333333 0.989973360293 1.0 
0.665277777778 0.989954619962 1.0 
0.665972222222 0.989812398364 1.0 
0.666666666667 0.989887721246 1.0 
0.667361111111 0.989909592641 1.0 
0.668055555556 0.9900185867 1.0 
0.66875 0.99002413061 1.0 
0.669444444444 0.989941661469 1.0 
0.670138888889 0.9899300399 1.0 
0.670833333333 0.989902720986 1.0 
0.671527777778 0.989873984398 1.0 
0.672222222222 0.989901310983 1.0 
0.672916666667 0.989932827383 1.0 
0.673611111111 0.990009217552 1.0 
0.674305555556 0.990046070711 1.0 
0.675 0.990043473887 1.0 
0.675694444444 0.990070416152 1.0 
0.676388888889 0.99027142062 1.0 
0.677083333333 0.990079570585 1.0 
0.677777777778 0.990103197102 1.0 
0.678472222222 0.990156867573 1.0 
0.679166666667 0.990011068577 1.0 
0.679861111111 0.989929405832 1.0 
0.680555555556 0.990118823193 1.0 
0.68125 0.990077649934 1.0 
0.681944444444 0.990390458053 1.0 
0.682638888889 0.990103774456 1.0 
0.683333333333 0.990159764446 1.0 
0.684027777778 0.990154257008 1.0 
0.684722222222 0.990281777272 1.0 
0.685416666667 0.990161445778 1.0 
0.686111111111 0.990214119407 1.0 
0.686805555556 0.990364417735 1.0 
0.6875 0.990301682536 1.0 
0.688194444444 0.990316440954 1.0 
0.688888888889 0.990447888856 1.0 
0.689583333333 0.99036877567 1.0 
0.690277777778 0.990228312034 1.0 
0.690972222222 0.990486369107 1.0 
0.691666666667 0.990443787111 1.0 
0.692361111111 0.99054312063 1.0 
0.693055555556 0.99044664102 1.0 
0.69375 0.99028115998 1.0 
0.694444444444 0.990389510285 1.0 
0.695138888889 0.990668803154 1.0 
0.695833333333 0.9905268045 1.0 
0.696527777778 0.990655606276 1.0 
0.697222222222 0.990544258035 1.0 
0.697916666667 0.990728814519 1.0 
0.698611111111 0.990709753887 1.0 
0.699305555556 0.990620981215 1.0 
0.7 0.990797175613 1.0 
0.700694444444 0.990700899055 1.0 
0.701388888889 0.990665362729 1.0 
0.702083333333 0.990852503618 1.0 
0.702777777778 0.990602378681 1.0 
0.703472222222 0.990792127438 1.0 
0.704166666667 0.990598210297 1.0 
0.704861111111 0.990753674092 1.0 
0.705555555556 0.990885757229 1.0 
0.70625 0.990853174205 1.0 
0.706944444444 0.990918805872 1.0 
0.707638888889 0.990890002756 1.0 
0.708333333333 0.990771689248 1.0 
0.709027777778 0.991060588232 1.0 
0.709722222222 0.990928683345 1.0 
0.710416666667 0.990959042213 1.0 
0.711111111111 0.990891732508 1.0 
0.711805555556 0.991066585795 1.0 
0.7125 0.991098321419 1.0 
0.713194444444 0.991036329349 1.0 
0.713888888889 0.99113439145 1.0 
0.714583333333 0.991004392354 1.0 
0.715277777778 0.991116773374 1.0 
0.715972222222 0.99123784434 1.0 
0.716666666667 0.99127837449 1.0 
0.717361111111 0.991334853675 1.0 
0.718055555556 0.991331444352 1.0 
0.71875 0.991329155797 1.0 
0.719444444444 0.991207236421 1.0 
0.720138888889 0.991358896482 1.0 
0.720833333333 0.9913546203 1.0 
0.721527777778 0.991530504908 1.0 
0.722222222222 0.991427408705 1.0 
0.722916666667 0.991734913619 1.0 
0.723611111111 0.99167945114 1.0 
0.724305555556 0.991705064468 1.0 
0.725 0.9919834878 1.0 
0.725694444444 0.992040747837 1.0 
0.726388888889 0.992183905475 1.0 
0.727083333333 0.992226337785 1.0 
0.727777777778 0.992309911253 1.0 
0.728472222222 0.992312158576 1.0 
0.729166666667 0.992379711043 1.0 
0.729861111111 0.992536078788 1.0 
0.730555555556 0.992657862955 1.0 
0.73125 0.992701437612 1.0 
0.731944444444 0.992787230689 1.0 
0.732638888889 0.992933993517 1.0 
0.733333333333 0.993003399461 1.0 
0.734027777778 0.99331534551 1.0 
0.734722222222 0.993234754045 1.0 
0.735416666667 0.993512792401 1.0 
0.736111111111 0.993503866369 1.0 
0.736805555556 0.993666923986 1.0 
0.7375 0.993692356254 1.0 
0.738194444444 0.993879984928 1.0 
0.738888888889 0.994080193354 1.0 
0.739583333333 0.994146260667 1.0 
0.740277777778 0.994207027377 1.0 
0.740972222222 0.994332007804 1.0 
0.741666666667 0.994331428747 1.0 
0.742361111111 0.994459037743 1.0 
0.743055555556 0.994554821645 1.0 
0.74375 0.994611465803 1.0 
0.744444444444 0.994920727619 1.0 
0.745138888889 0.995074761852 1.0 
0.745833333333 0.995018426006 1.0 
0.746527777778 0.995189405063 1.0 
0.747222222222 0.995245556646 1.0 
0.747916666667 0.995444757763 1.0 
0.748611111111 0.99554675671 1.0 
0.749305555556 0.995594984015 1.0 
0.75 0.995736118609 1.0 
0.750694444444 0.995760210997 1.0 
0.751388888889 0.995858286029 1.0 
0.752083333333 0.996182773362 1.0 
0.752777777778 0.996035243897 1.0 
0.753472222222 0.995989462896 1.0 
0.754166666667 0.996237507301 1.0 
0.754861111111 0.996392966345 1.0 
0.755555555556 0.996572292283 1.0 
0.75625 0.99663355215 1.0 
0.756944444444 0.996903487136 1.0 
0.757638888889 0.996829867564 1.0 
0.758333333333 0.996893069262 1.0 
0.759027777778 0.996994825282 1.0 
0.759722222222 0.997257769726 1.0 
0.760416666667 0.997450877807 1.0 
0.761111111111 0.997337033071 1.0 
0.761805555556 0.997550516359 1.0 
0.7625 0.997439566003 1.0 
0.763194444444 0.997551388045 1.0 
0.763888888889 0.997747354947 1.0 
0.764583333333 0.997709759387 1.0 
0.765277777778 0.998050214041 1.0 
0.765972222222 0.998055534997 1.0 
0.766666666667 0.998064182192 1.0 
0.767361111111 0.998369571914 1.0 
0.768055555556 0.998252156863 1.0 
0.76875 0.998403224383 1.0 
0.769444444444 0.998358248607 1.0 
0.770138888889 0.998567405255 1.0 
0.770833333333 0.99875270626 1.0 
0.771527777778 0.998966862218 1.0 
0.772222222222 0.998770245444 1.0 
0.772916666667 0.99892429522 1.0 
0.773611111111 0.999046612276 1.0 
0.774305555556 0.999079595956 1.0 
0.775 0.999071137942 1.0 
0.775694444444 0.999322863065 1.0 
0.776388888889 0.999436770557 1.0 
0.777083333333 0.999314002428 1.0 
0.777777777778 0.999370542248 1.0 
0.778472222222 0.999569133587 1.0 
0.779166666667 0.999651279633 1.0 
0.779861111111 0.999718855557 1.0 
0.780555555556 0.99958717417 1.0 
0.78125 0.99960291906 1.0 
0.781944444444 0.999821168383 1.0 
0.782638888889 0.999635332446 1.0 
0.783333333333 0.999929043462 1.0 
0.784027777778 0.999787554431 1.0 
0.784722222222 0.999896203938 1.0 
0.785416666667 0.999880271645 1.0 
0.786111111111 0.999951016835 1.0 
0.786805555556 1.0001334324 1.0 
0.7875 1.00007991909 1.0 
0.788194444444 1.00005451685 1.0 
0.788888888889 0.999964894874 1.0 
0.789583333333 1.00001789386 1.0 
0.790277777778 1.00014223037 1.0 
0.790972222222 1.00019464598 1.0 
0.791666666667 1.00000781657 1.0 
0.792361111111 1.00000154108 1.0 
0.793055555556 0.999932330991 1.0 
0.79375 1.00001581081 1.0 
0.794444444444 1.00000829369 1.0 
0.795138888889 1.000183159 1.0 
0.795833333333 1.00007288723 1.0 
0.796527777778 1.00001709691 1.0 
0.797222222222 1.00014950416 1.0 
0.797916666667 1.00007298794 1.0 
0.798611111111 1.00005323965 1.0 
0.799305555556 1.00016579982 1.0 
0.8 1.0000644755 1.0 
0.800694444444 1.00002583715 1.0 
0.801388888889 1.00004268434 1.0 
0.802083333333 0.999978622429 1.0 
0.802777777778 1.00001936316 1.0 
0.803472222222 0.999857323292 1.0 
0.804166666667 0.999964975468 1.0 
0.804861111111 1.00003209658 1.0 
0.805555555556 1.00004372697 1.0 
0.80625 0.999946865421 1.0 
0.806944444444 1.00002910271 1.0 
0.807638888889 0.999924144903 1.0 
0.808333333333 1.00016370738 1.0 
0.809027777778 1.0000464072 1.0 
0.809722222222 1.00019900294 1.0 
0.810416666667 1.0000018912 1.0 
0.811111111111 1.00002247833 1.0 
0.811805555556 1.00009682798 1.0 
0.8125 1.00007761487 1.0 
0.813194444444 0.999856605628 1.0 
0.813888888889 1.00007352429 1.0 
0.814583333333 1.00016637302 1.0 
0.815277777778 1.00000978354 1.0 
0.815972222222 1.00012900585 1.0 
0.816666666667 0.999972697838 1.0 
0.817361111111 0.999818947272 1.0 
0.818055555556 0.999933497704 1.0 
0.81875 0.99990643288 1.0 
0.819444444444 1.00012332243 1.0 
0.820138888889 0.999899198689 1.0 
0.820833333333 1.00007356718 1.0 
0.821527777778 1.00017277163 1.0 
0.822222222222 1.00001673555 1.0 
0.822916666667 0.999971490139 1.0 
0.823611111111 1.00001992703 1.0 
0.824305555556 1.00003423305 1.0 
0.825 1.00012820849 1.0 
0.825694444444 0.99989906265 1.0 
0.826388888889 1.00014943474 1.0 
0.827083333333 1.00019878011 1.0 
0.827777777778 1.00007456102 1.0 
0.828472222222 0.99997840387 1.0 
0.829166666667 1.00005086766 1.0 
0.829861111111 1.00009249692 1.0 
0.830555555556 0.999991313246 1.0 
0.83125 1.00006185198 1.0 
0.831944444444 0.999933389741 1.0 
0.832638888889 0.99993168246 1.0 
0.833333333333 1.00004595 1.0 
0.834027777778 1.00012216364 1.0 
0.834722222222 1.0001495038 1.0 
0.835416666667 1.00004961416 1.0 
0.836111111111 0.9999547531 1.0 
0.836805555556 1.0001458576 1.0 
0.8375 0.999986583715 1.0 
0.838194444444 1.00020054496 1.0 
0.838888888889 1.00006873848 1.0 
0.839583333333 1.00007339562 1.0 
0.840277777778 1.00009573065 1.0 
0.840972222222 1.00001081014 1.0 
0.841666666667 0.999938000094 1.0 
0.842361111111 0.999890442656 1.0 
0.843055555556 1.00007816117 1.0 
0.84375 0.999985713752 1.0 
0.844444444444 1.00000121957 1.0 
0.845138888889 1.00005963614 1.0 
0.845833333333 1.00007353181 1.0 
0.846527777778 0.999909052623 1.0 
0.847222222222 0.999914492585 1.0 
0.847916666667 0.99995935136 1.0 
0.848611111111 0.99995668352 1.0 
0.849305555556 0.999928495931 1.0 
0.85 0.999787380762 1.0 
0.850694444444 1.00002047355 1.0 
0.851388888889 1.00002143691 1.0 
0.852083333333 1.00005404992 1.0 
0.852777777778 1.00000294818 1.0 
0.853472222222 1.00007780317 1.0 
0.854166666667 0.99994926913 1.0 
0.854861111111 1.00009479645 1.0 
0.855555555556 1.00004853869 1.0 
0.85625 0.999985172698 1.0 
0.856944444444 1.00008633244 1.0 
0.857638888889 1.00006458703 1.0 
0.858333333333 1.00002059016 1.0 
0.859027777778 1.00001289878 1.0 
0.859722222222 1.00005146168 1.0 
0.860416666667 0.999898632577 1.0 
0.861111111111 0.999940229129 1.0 
0.861805555556 1.00003795718 1.0 
0.8625 0.999944027774 1.0 
0.863194444444 1.00003200933 1.0 
0.863888888889 0.999930075421 1.0 
0.864583333333 0.99987976042 1.0 
0.865277777778 1.00006410768 1.0 
0.865972222222 1.00012854142 1.0 
0.866666666667 1.00001347112 1.0 
0.867361111111 1.00011213514 1.0 
0.868055555556 0.999955313416 1.0 
0.86875 1.00001202901 1.0 
0.869444444444 1.00004279437 1.0 
0.870138888889 0.999951632403 1.0 
0.870833333333 0.999877663708 1.0 
0.871527777778 0.99999011899 1.0 
0.872222222222 1.00003059743 1.0 
0.872916666667 1.0000025325 1.0 
0.873611111111 0.999972937464 1.0 
0.874305555556 0.999988206551 1.0 
0.875 1.00002562282 1.0 
0.875694444444 0.999860650499 1.0 
0.876388888889 1.00012101266 1.0 
0.877083333333 1.00008051603 1.0 
0.877777777778 1.0000339545 1.0 
0.878472222222 0.99989590781 1.0 
0.879166666667 0.999919840186 1.0 
0.879861111111 1.00019259296 1.0 
0.880555555556 1.00002140681 1.0 
0.88125 0.999894149697 1.0 
0.881944444444 0.999967289277 1.0 
0.882638888889 1.00012130543 1.0 
0.883333333333 1.0000506748 1.0 
0.884027777778 0.9999617204 1.0 
0.884722222222 0.99997007982 1.0 
0.885416666667 0.999965959555 1.0 
0.886111111111 0.999973848504 1.0 
0.886805555556 0.999860338774 1.0 
0.8875 0.999994521786 1.0 
0.888194444444 0.999787775694 1.0 
0.888888888889 0.99977158088 1.0 
0.889583333333 0.999979871618 1.0 
0.890277777778 0.99980037803 1.0 
0.890972222222 0.999933276159 1.0 
0.891666666667 0.999909296291 1.0 
0.892361111111 0.999914748999 1.0 
0.893055555556 0.999886127737 1.0 
0.89375 1.00009504643 1.0 
0.894444444444 1.00008946378 1.0 
0.895138888889 0.999974823825 1.0 
0.895833333333 0.999958311617 1.0 
0.896527777778 1.00001607541 1.0 
0.897222222222 1.00004199198 1.0 
0.897916666667 0.999990972992 1.0 
0.898611111111 1.00006853455 1.0 
0.899305555556 1.00004807987 1.0 
0.9 1.00003028334 1.0 
0.900694444444 0.999979960004 1.0 
0.901388888889 1.00001156631 1.0 
0.902083333333 1.00011593661 1.0 
0.902777777778 0.999904585012 1.0 
0.903472222222 0.999971305706 1.0 
0.904166666667 0.999989260039 1.0 
0.904861111111 0.999987176426 1.0 
0.905555555556 0.999982489017 1.0 
0.90625 0.9999998168 1.0 
0.906944444444 1.00031271831 1.0 
0.907638888889 0.999939115736 1.0 
0.908333333333 1.00019501369 1.0 
0.909027777778 0.99997764585 1.0 
0.909722222222 0.999864302423 1.0 
0.910416666667 1.00003767199 1.0 
0.911111111111 1.00002252235 1.0 
0.911805555556 0.999845624506 1.0 
0.9125 1.0000729715 1.0 
0.913194444444 1.00000456884 1.0 
0.913888888889 0.999890236553 1.0 
0.914583333333 0.999778112561 1.0 
0.915277777778 1.00000765661 1.0 
0.915972222222 0.999912403033 1.0 
0.916666666667 0.999970052868 1.0 
0.917361111111 0.999974104698 1.0 
0.918055555556 0.999874239742 1.0 
0.91875 0.999763344694 1.0 
0.919444444444 0.999830600977 1.0 
0.920138888889 0.999857746403 1.0 
0.920833333333 0.999981851166 1.0 
0.921527777778 0.999996534364 1.0 
0.922222222222 0.999870764478 1.0 
0.922916666667 0.999996876206 1.0 
0.923611111111 1.00004963416 1.0 
0.924305555556 0.999931337165 1.0 
0.925 0.999805489205 1.0 
0.925694444444 0.999882865284 1.0 
0.926388888889 0.999840219624 1.0 
0.927083333333 0.999974007046 1.0 
0.927777777778 0.999854579211 1.0 
0.928472222222 0.999949841459 1.0 
0.929166666667 0.999917052945 1.0 
0.929861111111 0.999902966926 1.0 
0.930555555556 0.999856976598 1.0 
0.93125 0.999952900524 1.0 
0.931944444444 0.999888281605 1.0 
0.932638888889 1.00020196118 1.0 
0.933333333333 0.999999500947 1.0 
0.934027777778 0.999890091956 1.0 
0.934722222222 1.00005996261 1.0 
0.935416666667 1.00015366271 1.0 
0.936111111111 1.00002201284 1.0 
0.936805555556 1.00004679634 1.0 
0.9375 1.00017628522 1.0 
0.938194444444 0.999968493433 1.0 
0.938888888889 1.00001499239 1.0 
0.939583333333 0.999918551946 1.0 
0.940277777778 1.00006048177 1.0 
0.940972222222 0.999722487672 1.0 
0.941666666667 0.99983217839 1.0 
0.942361111111 1.00000743024 1.0 
0.943055555556 1.00007051465 1.0 
0.94375 0.999934533236 1.0 
0.944444444444 0.99998918334 1.0 
0.945138888889 1.00019406083 1.0 
0.945833333333 0.999928987894 1.0 
0.946527777778 0.999999564766 1.0 
0.947222222222 0.999845842644 1.0 
0.947916666667 1.00013150162 1.0 
0.948611111111 0.999857569586 1.0 
0.949305555556 0.999896005462 1.0 
0.95 0.999961356366 1.0 
0.950694444444 1.00003469569 1.0 
0.951388888889 0.99984808385 1.0 
0.952083333333 0.999978818106 1.0 
0.952777777778 0.999953506464 1.0 
0.953472222222 0.99988743364 1.0 
0.954166666667 0.999905704753 1.0 
0.954861111111 0.999874984296 1.0 
0.955555555556 1.00008281188 1.0 
0.95625 1.00012869315 1.0 
0.956944444444 0.999767532555 1.0 
0.957638888889 0.999888421357 1.0 
0.958333333333 1.00016123462 1.0 
0.959027777778 0.999840763185 1.0 
0.959722222222 1.00000695563 1.0 
0.960416666667 1.0002270744 1.0 
0.961111111111 1.00000984811 1.0 
0.961805555556 0.999989213604 1.0 
0.9625 1.00014709482 1.0 
0.963194444444 0.999822988492 1.0 
0.963888888889 1.00019413796 1.0 
0.964583333333 1.00013985583 1.0 
0.965277777778 1.00010687915 1.0 
0.965972222222 0.99998403785 1.0 
0.966666666667 1.00014657303 1.0 
0.967361111111 1.00010468588 1.0 
0.968055555556 1.00020347927 1.0 
0.96875 0.999946334051 1.0 
0.969444444444 1.00001678893 1.0 
0.970138888889 1.00005944942 1.0 
0.970833333333 0.999958848611 1.0 
0.971527777778 1.00000590748 1.0 
0.972222222222 0.999966716709 1.0 
0.972916666667 0.99998864127 1.0 
0.973611111111 0.999949964812 1.0 
0.974305555556 0.999852211776 1.0 
0.975 0.999893604884 1.0 
0.975694444444 0.99982875684 1.0 
0.976388888889 0.999949282225 1.0 
0.977083333333 0.999926111989 1.0 
0.977777777778 0.999988792789 1.0 
0.978472222222 0.99993868551 1.0 
0.979166666667 0.999975560524 1.0 
0.979861111111 0.999869038841 1.0 
0.980555555556 0.999964840881 1.0 
0.98125 1.00021545947 1.0 
0.981944444444 1.00005906124 1.0 
0.982638888889 0.999897676817 1.0 
0.983333333333 1.00001002056 1.0 
0.984027777778 0.999922905502 1.0 
0.984722222222 1.00007095971 1.0 
0.985416666667 1.00003772487 1.0 
0.986111111111 0.999987103616 1.0 
0.986805555556 0.999975678477 1.0 
0.9875 0.9998218266 1.0 
0.988194444444 1.00013709836 1.0 
0.988888888889 0.999902567664 1.0 
0.989583333333 0.999992662959 1.0 
0.990277777778 0.999888576793 1.0 
0.990972222222 1.00014679706 1.0 
0.991666666667 0.999929380361 1.0 
0.992361111111 0.999986062444 1.0 
0.993055555556 1.00007658797 1.0 
0.99375 0.999790336753 1.0 
0.994444444444 0.999927093781 1.0 
0.995138888889 0.999930657439 1.0 
0.995833333333 1.00007314827 1.0 
0.996527777778 0.999902151764 1.0 
0.997222222222 0.999909878218 1.0 
0.997916666667 0.999867632831 1.0 
0.998611111111 0.999964074894 1.0 
0.999305555556 1.00008996942 1.0 
1.0 0.999937408954 1.0 
1.00069444444 0.999865717347 1.0 
1.00138888889 0.999794156561 1.0 
1.00208333333 1.0000348531 1.0 
1.00277777778 0.999890913636 1.0 
1.00347222222 0.999930482504 1.0 
1.00416666667 0.999853062016 1.0 
1.00486111111 0.999854628579 1.0 
1.00555555556 1.00001196408 1.0 
1.00625 1.00003158389 1.0 
1.00694444444 1.00007125694 1.0 
1.00763888889 0.999828759125 1.0 
1.00833333333 1.00000258534 1.0 
1.00902777778 1.00001412072 1.0 
1.00972222222 1.00007495742 1.0 
1.01041666667 0.999937312563 1.0 
1.01111111111 1.00003834102 1.0 
1.01180555556 0.999866272627 1.0 
1.0125 0.999891046753 1.0 
1.01319444444 0.999923151583 1.0 
1.01388888889 0.999903164836 1.0 
1.01458333333 0.999875998187 1.0 
1.01527777778 0.999954142949 1.0 
1.01597222222 0.999891343445 1.0 
1.01666666667 0.999910364012 1.0 
1.01736111111 0.999908303938 1.0 
1.01805555556 0.999885163171 1.0 
1.01875 0.999868485162 1.0 
1.01944444444 1.00000586981 1.0 
1.02013888889 1.00015502578 1.0 
1.02083333333 1.00015930334 1.0 
1.02152777778 0.99996414174 1.0 
1.02222222222 0.999902344119 1.0 
1.02291666667 0.999880893477 1.0 
1.02361111111 0.999799727378 1.0 
1.02430555556 0.999769015031 1.0 
1.025 1.00003656592 1.0 
1.02569444444 0.999863634035 1.0 
1.02638888889 0.999987219688 1.0 
1.02708333333 0.99993246587 1.0 
1.02777777778 1.0001638487 1.0 
1.02847222222 0.999889111278 1.0 
1.02916666667 1.00005870604 1.0 
1.02986111111 0.999920218963 1.0 
1.03055555556 0.999729139539 1.0 
1.03125 0.999917815277 1.0 
1.03194444444 0.999862141228 1.0 
1.03263888889 0.999938604847 1.0 
1.03333333333 0.999888907419 1.0 
1.03402777778 0.999999218362 1.0 
1.03472222222 0.999917198855 1.0 
1.03541666667 0.999968889302 1.0 
1.03611111111 1.00003196226 1.0 
1.03680555556 1.0000089182 1.0 
1.0375 1.00001566856 1.0 
1.03819444444 1.00010438024 1.0 
1.03888888889 0.999838689924 1.0 
1.03958333333 1.00000418895 1.0 
1.04027777778 0.999962383493 1.0 
1.04097222222 1.00000942426 1.0 
1.04166666667 1.00003253905 1.0 
1.04236111111 0.999826807937 1.0 
1.04305555556 1.00014681307 1.0 
1.04375 1.00006301863 1.0 
1.04444444444 0.99989559016 1.0 
1.04513888889 0.99978820485 1.0 
1.04583333333 1.00003786355 1.0 
1.04652777778 0.999984949847 1.0 
1.04722222222 0.999892826175 1.0 
1.04791666667 0.999695446371 1.0 
1.04861111111 0.999888511571 1.0 
1.04930555556 0.999924388407 1.0 
1.05 0.999838272424 1.0 
1.05069444444 0.999960336823 1.0 
1.05138888889 0.999942174301 1.0 
1.05208333333 1.0000842124 1.0 
1.05277777778 0.999790750255 1.0 
1.05347222222 0.999930556407 1.0 
1.05416666667 0.999797405547 1.0 
1.05486111111 0.999784331782 1.0 
1.05555555556 0.99986558396 1.0 
1.05625 0.999946048183 1.0 
1.05694444444 0.999930293006 1.0 
1.05763888889 0.99997981822 1.0 
1.05833333333 0.999920846529 1.0 
1.05902777778 0.99980299106 1.0 
1.05972222222 0.999962877823 1.0 
1.06041666667 0.999960370813 1.0 
1.06111111111 1.00005685733 1.0 
1.06180555556 0.999884185448 1.0 
1.0625 1.00011010884 1.0 
1.06319444444 0.999919661942 1.0 
1.06388888889 0.999932668833 1.0 
1.06458333333 0.999881237145 1.0 
1.06527777778 1.00001184651 1.0 
1.06597222222 0.99994473597 1.0 
1.06666666667 0.999931853691 1.0 
1.06736111111 0.999757855671 1.0 
1.06805555556 1.0000715296 1.0 
1.06875 1.00007438085 1.0 
1.06944444444 1.00003802249 1.0 
1.07013888889 1.00000439686 1.0 
1.07083333333 0.999992871058 1.0 
1.07152777778 0.999930211632 1.0 
1.07222222222 1.00006248409 1.0 
1.07291666667 0.999999807333 1.0 
1.07361111111 0.999874493384 1.0 
1.07430555556 1.00017801416 1.0 
1.075 0.999843883906 1.0 
1.07569444444 0.999890323118 1.0 
1.07638888889 0.999999984493 1.0 
1.07708333333 0.999922452549 1.0 
1.07777777778 1.00003631907 1.0 
1.07847222222 0.999911844532 1.0 
1.07916666667 0.999919037529 1.0 
1.07986111111 0.999940683271 1.0 
1.08055555556 0.999915482109 1.0 
1.08125 0.999776339516 1.0 
1.08194444444 1.00003315013 1.0 
1.08263888889 0.999971348569 1.0 
1.08333333333 0.999853567649 1.0 
1.08402777778 0.99992843684 1.0 
1.08472222222 0.999918874327 1.0 
1.08541666667 0.999884845552 1.0 
1.08611111111 0.999948946132 1.0 
1.08680555556 0.999776271412 1.0 
1.0875 0.999773966216 1.0 
1.08819444444 0.999935675134 1.0 
1.08888888889 0.999935912274 1.0 
1.08958333333 0.999745134391 1.0 
1.09027777778 0.999767475227 1.0 
1.09097222222 0.999982233326 1.0 
1.09166666667 0.999932410957 1.0 
1.09236111111 0.9999569973 1.0 
1.09305555556 0.99994735013 1.0 
1.09375 1.00001580481 1.0 
1.09444444444 0.999798370591 1.0 
1.09513888889 0.99961225407 1.0 
1.09583333333 0.999906219695 1.0 
1.09652777778 0.999781765104 1.0 
1.09722222222 0.99969241598 1.0 
1.09791666667 0.999897697417 1.0 
1.09861111111 0.9998062086 1.0 
1.09930555556 0.99997663254 1.0 
1.1 0.999901166349 1.0 
