-0.6 1.00018020176 1.0 
-0.599305555556 1.00004149546 1.0 
-0.598611111111 1.00007639634 1.0 
-0.597916666667 0.999953057612 1.0 
-0.597222222222 1.00004421461 1.0 
-0.596527777778 0.999813658094 1.0 
-0.595833333333 1.00011725881 1.0 
-0.595138888889 0.999937453345 1.0 
-0.594444444444 0.999910482339 1.0 
-0.59375 0.999814078804 1.0 
-0.593055555556 0.99989051394 1.0 
-0.592361111111 1.00000227746 1.0 
-0.591666666667 1.00000999319 1.0 
-0.590972222222 1.00003277032 1.0 
-0.590277777778 1.0000742851 1.0 
-0.589583333333 0.999932538329 1.0 
-0.588888888889 0.999897017519 1.0 
-0.588194444444 1.00010558326 1.0 
-0.5875 1.00008083158 1.0 
-0.586805555556 0.999893535993 1.0 
-0.586111111111 1.00001627227 1.0 
-0.585416666667 0.999869218169 1.0 
-0.584722222222 1.00012886216 1.0 
-0.584027777778 1.00007755657 1.0 
-0.583333333333 1.00005649167 1.0 
-0.582638888889 1.00001495236 1.0 
-0.581944444444 0.999969485721 1.0 
-0.58125 0.999826524867 1.0 
-0.580555555556 0.999776477325 1.0 
-0.579861111111 0.99999307203 1.0 
-0.579166666667 1.00012450742 1.0 
-0.578472222222 0.999804764949 1.0 
-0.577777777778 0.999778465714 1.0 
-0.577083333333 0.999927002804 1.0 
-0.576388888889 1.0000575845 1.0 
-0.575694444444 1.00007637867 1.0 
-0.575 0.999966679372 1.0 
-0.574305555556 0.999904744227 1.0 
-0.573611111111 1.00016611964 1.0 
-0.572916666667 0.999843357757 1.0 
-0.572222222222 0.99999315461 1.0 
-0.571527777778 1.00021656274 1.0 
-0.570833333333 0.999965694027 1.0 
-0.570138888889 1.00003574215 1.0 
-0.569444444444 1.00010744544 1.0 
-0.56875 1.0001143562 1.0 
-0.568055555556 0.999972193525 1.0 
-0.567361111111 0.999956249868 1.0 
-0.566666666667 0.99993304692 1.0 
-0.565972222222 0.999977996095 1.0 
-0.565277777778 0.999980721035 1.0 
-0.564583333333 1.00006846593 1.0 
-0.563888888889 1.00003043139 1.0 
-0.563194444444 0.999979378952 1.0 
-0.5625 0.999892225752 1.0 
-0.561805555556 0.99992919888 1.0 
-0.561111111111 0.999984326704 1.0 
-0.560416666667 0.999692946267 1.0 
-0.559722222222 0.999927145863 1.0 
-0.559027777778 0.999910705039 1.0 
-0.558333333333 0.99987348408 1.0 
-0.557638888889 1.00004085814 1.0 
-0.556944444444 1.00001253613 1.0 
-0.55625 0.999861622358 1.0 
-0.555555555556 0.999913273158 1.0 
-0.554861111111 0.999933042999 1.0 
-0.554166666667 0.999791619224 1.0 
-0.553472222222 0.999932272229 1.0 
-0.552777777778 1.00003116078 1.0 
-0.552083333333 1.00001929336 1.0 
-0.551388888889 0.999914381657 1.0 
-0.550694444444 1.00009438739 1.0 
-0.55 1.00012213841 1.0 
-0.549305555556 0.999884355257 1.0 
-0.548611111111 1.00011943787 1.0 
-0.547916666667 1.00004386064 1.0 
-0.547222222222 0.999799364109 1.0 
-0.546527777778 0.999854582488 1.0 
-0.545833333333 0.999914390756 1.0 
-0.545138888889 0.999776170697 1.0 
-0.544444444444 0.999987777476 1.0 
-0.54375 0.99998865021 1.0 
-0.543055555556 0.999977366806 1.0 
-0.542361111111 1.00002204411 1.0 
-0.541666666667 0.999985771873 1.0 
-0.540972222222 1.00008966967 1.0 
-0.540277777778 1.00011836055 1.0 
-0.539583333333 0.99992485284 1.0 
-0.538888888889 0.999780308846 1.0 
-0.538194444444 0.999945788072 1.0 
-0.5375 1.00001680692 1.0 
-0.536805555556 0.999926967939 1.0 
-0.536111111111 1.0000129455 1.0 
-0.535416666667 1.00002019335 1.0 
-0.534722222222 0.999775866283 1.0 
-0.534027777778 0.99976652101 1.0 
-0.533333333333 1.00011348453 1.0 
-0.532638888889 1.00011726546 1.0 
-0.531944444444 1.00000578299 1.0 
-0.53125 0.999960144385 1.0 
-0.530555555556 1.0001216909 1.0 
-0.529861111111 0.999951385661 1.0 
-0.529166666667 1.00009754052 1.0 
-0.528472222222 1.00015311109 1.0 
-0.527777777778 1.00003755761 1.0 
-0.527083333333 1.00001211223 1.0 
-0.526388888889 1.00003912014 1.0 
-0.525694444444 0.999888164136 1.0 
-0.525 0.999987357048 1.0 
-0.524305555556 1.00013377743 1.0 
-0.523611111111 1.00009320031 1.0 
-0.522916666667 0.999828528737 1.0 
-0.522222222222 0.999958927274 1.0 
-0.521527777778 1.00000478804 1.0 
-0.520833333333 0.999620358768 1.0 
-0.520138888889 1.00006948031 1.0 
-0.519444444444 0.999998932539 1.0 
-0.51875 0.99988727368 1.0 
-0.518055555556 1.0001452637 1.0 
-0.517361111111 0.999890124375 1.0 
-0.516666666667 0.999897075161 1.0 
-0.515972222222 1.00014675609 1.0 
-0.515277777778 0.999981797318 1.0 
-0.514583333333 1.00008386528 1.0 
-0.513888888889 0.999859713093 1.0 
-0.513194444444 1.00000346005 1.0 
-0.5125 0.999882123387 1.0 
-0.511805555556 1.00013864589 1.0 
-0.511111111111 0.999965350912 1.0 
-0.510416666667 0.999798555014 1.0 
-0.509722222222 1.00004419322 1.0 
-0.509027777778 0.999845169855 1.0 
-0.508333333333 0.999864000493 1.0 
-0.507638888889 1.00006476209 1.0 
-0.506944444444 0.999944716953 1.0 
-0.50625 0.999971496782 1.0 
-0.505555555556 1.00010330538 1.0 
-0.504861111111 1.00000723072 1.0 
-0.504166666667 1.00001129984 1.0 
-0.503472222222 0.999989737917 1.0 
-0.502777777778 0.999959819781 1.0 
-0.502083333333 1.00004922367 1.0 
-0.501388888889 1.0000223716 1.0 
-0.500694444444 0.999977663681 1.0 
-0.5 1.00013801567 1.0 
-0.499305555556 0.999949400658 1.0 
-0.498611111111 0.999822119525 1.0 
-0.497916666667 1.00010170568 1.0 
-0.497222222222 1.00002519948 1.0 
-0.496527777778 0.999952830745 1.0 
-0.495833333333 0.999974955531 1.0 
-0.495138888889 0.999934017069 1.0 
-0.494444444444 1.00006576992 1.0 
-0.49375 1.00012671826 1.0 
-0.493055555556 1.00014119599 1.0 
-0.492361111111 1.0000713949 1.0 
-0.491666666667 0.999923509343 1.0 
-0.490972222222 1.00008851577 1.0 
-0.490277777778 0.999930653463 1.0 
-0.489583333333 0.99998658187 1.0 
-0.488888888889 0.999887720555 1.0 
-0.488194444444 1.00010619754 1.0 
-0.4875 1.00008448908 1.0 
-0.486805555556 1.00001701901 1.0 
-0.486111111111 1.00015940506 1.0 
-0.485416666667 0.999928774167 1.0 
-0.484722222222 0.999932989634 1.0 
-0.484027777778 1.00002420227 1.0 
-0.483333333333 1.000053914 1.0 
-0.482638888889 0.999714026721 1.0 
-0.481944444444 1.00001670533 1.0 
-0.48125 1.00010582878 1.0 
-0.480555555556 1.00018106174 1.0 
-0.479861111111 1.00007297911 1.0 
-0.479166666667 1.00001010821 1.0 
-0.478472222222 0.999981378698 1.0 
-0.477777777778 1.00021023978 1.0 
-0.477083333333 0.999983006166 1.0 
-0.476388888889 1.00014769734 1.0 
-0.475694444444 1.00008463124 1.0 
-0.475 0.999916855189 1.0 
-0.474305555556 1.00004005464 1.0 
-0.473611111111 0.999874190467 1.0 
-0.472916666667 1.0000381794 1.0 
-0.472222222222 0.999920759816 1.0 
-0.471527777778 1.00013442331 1.0 
-0.470833333333 1.00000352811 1.0 
-0.470138888889 1.00026468643 1.0 
-0.469444444444 1.00002391557 1.0 
-0.46875 1.00007113343 1.0 
-0.468055555556 1.00023143552 1.0 
-0.467361111111 0.999863455895 1.0 
-0.466666666667 0.999962961653 1.0 
-0.465972222222 0.999944261373 1.0 
-0.465277777778 1.00010857883 1.0 
-0.464583333333 0.999976110576 1.0 
-0.463888888889 0.99996407316 1.0 
-0.463194444444 1.0000737154 1.0 
-0.4625 0.999903458143 1.0 
-0.461805555556 0.999924061085 1.0 
-0.461111111111 0.999906848272 1.0 
-0.460416666667 0.999915128084 1.0 
-0.459722222222 1.0000144858 1.0 
-0.459027777778 0.999984219015 1.0 
-0.458333333333 0.999849442043 1.0 
-0.457638888889 1.00000482688 1.0 
-0.456944444444 1.00004098737 1.0 
-0.45625 1.00008481969 1.0 
-0.455555555556 0.999969355931 1.0 
-0.454861111111 0.999982426834 1.0 
-0.454166666667 1.00004673059 1.0 
-0.453472222222 0.999985343399 1.0 
-0.452777777778 0.999965945067 1.0 
-0.452083333333 0.999924475241 1.0 
-0.451388888889 0.9999730759 1.0 
-0.450694444444 1.00001014609 1.0 
-0.45 0.999985763198 1.0 
-0.449305555556 1.00005189248 1.0 
-0.448611111111 1.00015640162 1.0 
-0.447916666667 1.00000257584 1.0 
-0.447222222222 0.999800822263 1.0 
-0.446527777778 1.00000003422 1.0 
-0.445833333333 1.00013919358 1.0 
-0.445138888889 0.999934577367 1.0 
-0.444444444444 1.00002674658 1.0 
-0.44375 1.00001299951 1.0 
-0.443055555556 0.999977454458 1.0 
-0.442361111111 0.99982914552 1.0 
-0.441666666667 1.00003004212 1.0 
-0.440972222222 0.999913075111 1.0 
-0.440277777778 1.00015464433 1.0 
-0.439583333333 0.999970330771 1.0 
-0.438888888889 0.999897180386 1.0 
-0.438194444444 0.99982255678 1.0 
-0.4375 0.999980655942 1.0 
-0.436805555556 1.00005581983 1.0 
-0.436111111111 0.999926282313 1.0 
-0.435416666667 1.00015573412 1.0 
-0.434722222222 1.00006998671 1.0 
-0.434027777778 1.00008406558 1.0 
-0.433333333333 1.00009287356 1.0 
-0.432638888889 0.999862888209 1.0 
-0.431944444444 0.999854490204 1.0 
-0.43125 0.99994860351 1.0 
-0.430555555556 0.999994078371 1.0 
-0.429861111111 1.00005964254 1.0 
-0.429166666667 0.999942178958 1.0 
-0.428472222222 0.999941387182 1.0 
-0.427777777778 0.999854130186 1.0 
-0.427083333333 0.999857943065 1.0 
-0.426388888889 1.00000312349 1.0 
-0.425694444444 1.00012272727 1.0 
-0.425 0.999868342157 1.0 
-0.424305555556 1.00023371803 1.0 
-0.423611111111 0.99998660975 1.0 
-0.422916666667 0.999907234921 1.0 
-0.422222222222 0.999899381645 1.0 
-0.421527777778 0.999994039895 1.0 
-0.420833333333 1.0001126205 1.0 
-0.420138888889 1.00004756438 1.0 
-0.419444444444 0.999908998766 1.0 
-0.41875 0.999962316044 1.0 
-0.418055555556 0.999912510474 1.0 
-0.417361111111 1.00009571822 1.0 
-0.416666666667 1.00022425652 1.0 
-0.415972222222 1.00011641832 1.0 
-0.415277777778 1.00002773817 1.0 
-0.414583333333 0.999983469498 1.0 
-0.413888888889 0.999891036912 1.0 
-0.413194444444 1.00008733931 1.0 
-0.4125 0.99999056786 1.0 
-0.411805555556 1.00018263286 1.0 
-0.411111111111 1.00006912947 1.0 
-0.410416666667 1.00005913669 1.0 
-0.409722222222 1.00014116211 1.0 
-0.409027777778 0.999955629242 1.0 
-0.408333333333 1.00001244139 1.0 
-0.407638888889 1.00006038423 1.0 
-0.406944444444 0.999946755454 1.0 
-0.40625 1.00004648255 1.0 
-0.405555555556 0.999836582504 1.0 
-0.404861111111 1.00009470882 1.0 
-0.404166666667 1.00001127833 1.0 
-0.403472222222 1.00006976301 1.0 
-0.402777777778 0.999927319686 1.0 
-0.402083333333 1.00000982201 1.0 
-0.401388888889 1.00014680386 1.0 
-0.400694444444 0.99999140632 1.0 
-0.4 0.999978443819 1.0 
-0.399305555556 1.00025479155 1.0 
-0.398611111111 0.999987815421 1.0 
-0.397916666667 0.999927944295 1.0 
-0.397222222222 1.00008612935 1.0 
-0.396527777778 1.00004296735 1.0 
-0.395833333333 0.99998323139 1.0 
-0.395138888889 0.999938722644 1.0 
-0.394444444444 1.0000661653 1.0 
-0.39375 1.00011654388 1.0 
-0.393055555556 0.999939539571 1.0 
-0.392361111111 1.00012357711 1.0 
-0.391666666667 1.00004444966 1.0 
-0.390972222222 0.999993710467 1.0 
-0.390277777778 1.00013324977 1.0 
-0.389583333333 0.999742330818 1.0 
-0.388888888889 1.00006215821 1.0 
-0.388194444444 0.999832738652 1.0 
-0.3875 0.99986422409 1.0 
-0.386805555556 1.00012516001 1.0 
-0.386111111111 1.00002212303 1.0 
-0.385416666667 0.999959121683 1.0 
-0.384722222222 0.99999284926 1.0 
-0.384027777778 1.00003517708 1.0 
-0.383333333333 1.00007703252 1.0 
-0.382638888889 1.0000740185 1.0 
-0.381944444444 1.00000814154 1.0 
-0.38125 1.00006008959 1.0 
-0.380555555556 1.0001349353 1.0 
-0.379861111111 0.999977968534 1.0 
-0.379166666667 0.99997110939 1.0 
-0.378472222222 0.999887203146 1.0 
-0.377777777778 0.999847039439 1.0 
-0.377083333333 1.00010381766 1.0 
-0.376388888889 1.0000842616 1.0 
-0.375694444444 1.00012362865 1.0 
-0.375 1.0000307329 1.0 
-0.374305555556 1.00000239052 1.0 
-0.373611111111 0.999868576309 1.0 
-0.372916666667 1.00014433365 1.0 
-0.372222222222 0.999926088428 1.0 
-0.371527777778 1.00007058758 1.0 
-0.370833333333 1.00017407087 1.0 
-0.370138888889 1.00002951518 1.0 
-0.369444444444 0.999804562117 1.0 
-0.36875 1.00001479464 1.0 
-0.368055555556 1.00003299453 1.0 
-0.367361111111 1.000001028 1.0 
-0.366666666667 0.999918148022 1.0 
-0.365972222222 1.00000521178 1.0 
-0.365277777778 1.00004723072 1.0 
-0.364583333333 0.999867519205 1.0 
-0.363888888889 0.999943302946 1.0 
-0.363194444444 1.0001526217 1.0 
-0.3625 0.999948541532 1.0 
-0.361805555556 0.999976208085 1.0 
-0.361111111111 0.999857497306 1.0 
-0.360416666667 1.00007678887 1.0 
-0.359722222222 0.999921949567 1.0 
-0.359027777778 0.99998786318 1.0 
-0.358333333333 0.999966964571 1.0 
-0.357638888889 0.999774639965 1.0 
-0.356944444444 1.00006585618 1.0 
-0.35625 0.999923344608 1.0 
-0.355555555556 1.00008933544 1.0 
-0.354861111111 0.999990312299 1.0 
-0.354166666667 0.999809641751 1.0 
-0.353472222222 0.999984994305 1.0 
-0.352777777778 1.0001506143 1.0 
-0.352083333333 1.00004056234 1.0 
-0.351388888889 1.00000172818 1.0 
-0.350694444444 0.999991471529 1.0 
-0.35 0.999973863629 1.0 
-0.349305555556 1.00002541916 1.0 
-0.348611111111 1.00025118456 1.0 
-0.347916666667 1.0000645276 1.0 
-0.347222222222 0.99995635548 1.0 
-0.346527777778 1.0000704657 1.0 
-0.345833333333 0.999985839093 1.0 
-0.345138888889 0.999954147797 1.0 
-0.344444444444 1.00000389463 1.0 
-0.34375 1.0000318208 1.0 
-0.343055555556 0.999870297265 1.0 
-0.342361111111 1.00001107363 1.0 
-0.341666666667 0.999974371466 1.0 
-0.340972222222 0.999820983833 1.0 
-0.340277777778 1.00000993439 1.0 
-0.339583333333 1.00015413943 1.0 
-0.338888888889 0.999968519427 1.0 
-0.338194444444 1.00011897955 1.0 
-0.3375 1.00009544219 1.0 
-0.336805555556 1.00019709353 1.0 
-0.336111111111 1.00003531358 1.0 
-0.335416666667 0.999903325498 1.0 
-0.334722222222 0.999934193272 1.0 
-0.334027777778 0.999894183938 1.0 
-0.333333333333 1.00001914105 1.0 
-0.332638888889 0.999982120259 1.0 
-0.331944444444 0.99985917577 1.0 
-0.33125 0.999978641951 1.0 
-0.330555555556 0.999904822125 1.0 
-0.329861111111 0.999879706771 1.0 
-0.329166666667 0.999703757715 1.0 
-0.328472222222 0.999751266503 1.0 
-0.327777777778 1.00011001757 1.0 
-0.327083333333 0.999871307171 1.0 
-0.326388888889 0.999998000767 1.0 
-0.325694444444 0.999952250002 1.0 
-0.325 0.999708469326 1.0 
-0.324305555556 0.99992657922 1.0 
-0.323611111111 1.0000356312 1.0 
-0.322916666667 0.99999078715 1.0 
-0.322222222222 0.999811424816 1.0 
-0.321527777778 0.999914980096 1.0 
-0.320833333333 0.999830435124 1.0 
-0.320138888889 1.00011796575 1.0 
-0.319444444444 0.999927799692 1.0 
-0.31875 0.999931880963 1.0 
-0.318055555556 0.999923819957 1.0 
-0.317361111111 0.999872572188 1.0 
-0.316666666667 0.999940931064 1.0 
-0.315972222222 0.999884774006 1.0 
-0.315277777778 0.999864542891 1.0 
-0.314583333333 1.00000985654 1.0 
-0.313888888889 1.00015157758 1.0 
-0.313194444444 1.00009672342 1.0 
-0.3125 0.999921857832 1.0 
-0.311805555556 1.00000572057 1.0 
-0.311111111111 0.999782249824 1.0 
-0.310416666667 1.00012121194 1.0 
-0.309722222222 1.00002548677 1.0 
-0.309027777778 0.999991220962 1.0 
-0.308333333333 0.999843740742 1.0 
-0.307638888889 0.999895381807 1.0 
-0.306944444444 0.999801438089 1.0 
-0.30625 0.999910187136 1.0 
-0.305555555556 1.00000417763 1.0 
-0.304861111111 1.00012175232 1.0 
-0.304166666667 0.999981080716 1.0 
-0.303472222222 1.0001146389 1.0 
-0.302777777778 0.999835833635 1.0 
-0.302083333333 0.99998602538 1.0 
-0.301388888889 1.0000281445 1.0 
-0.300694444444 1.00003931841 1.0 
-0.3 1.00005927176 1.0 
-0.299305555556 0.999822084162 1.0 
-0.298611111111 0.999897929776 1.0 
-0.297916666667 0.99997638886 1.0 
-0.297222222222 0.999947591209 1.0 
-0.296527777778 1.00004511055 1.0 
-0.295833333333 0.999912070562 1.0 
-0.295138888889 0.999937812482 1.0 
-0.294444444444 0.999858154396 1.0 
-0.29375 1.00001552185 1.0 
-0.293055555556 1.00004990424 1.0 
-0.292361111111 1.00006757727 1.0 
-0.291666666667 0.999946830781 1.0 
-0.290972222222 0.999742886814 1.0 
-0.290277777778 0.999898937795 1.0 
-0.289583333333 1.00000649947 1.0 
-0.288888888889 0.999882490293 1.0 
-0.288194444444 1.00002110186 1.0 
-0.2875 1.00013558363 1.0 
-0.286805555556 0.999950088348 1.0 
-0.286111111111 0.999812800973 1.0 
-0.285416666667 0.999795619938 1.0 
-0.284722222222 0.999886692841 1.0 
-0.284027777778 1.00002032656 1.0 
-0.283333333333 0.999832864794 1.0 
-0.282638888889 0.999943040637 1.0 
-0.281944444444 0.999989284726 1.0 
-0.28125 1.00002679303 1.0 
-0.280555555556 0.999753184185 1.0 
-0.279861111111 0.999913275961 1.0 
-0.279166666667 0.999893150859 1.0 
-0.278472222222 0.99969289158 1.0 
-0.277777777778 0.999663326875 1.0 
-0.277083333333 0.999715086687 1.0 
-0.276388888889 0.9994908033 1.0 
-0.275694444444 0.999548733594 1.0 
-0.275 0.999584877937 1.0 
-0.274305555556 0.999321196031 1.0 
-0.273611111111 0.999435562957 1.0 
-0.272916666667 0.999308105708 1.0 
-0.272222222222 0.999137397338 1.0 
-0.271527777778 0.99888215361 1.0 
-0.270833333333 0.999242773264 1.0 
-0.270138888889 0.999006062352 1.0 
-0.269444444444 0.998778595782 1.0 
-0.26875 0.998695001311 1.0 
-0.268055555556 0.998665139113 1.0 
-0.267361111111 0.998452401024 1.0 
-0.266666666667 0.998466604724 1.0 
-0.265972222222 0.998435667023 1.0 
-0.265277777778 0.998190645779 1.0 
-0.264583333333 0.99811914009 1.0 
-0.263888888889 0.998033685635 1.0 
-0.263194444444 0.997839095375 1.0 
-0.2625 0.997767698512 1.0 
-0.261805555556 0.997715170131 1.0 
-0.261111111111 0.997557010685 1.0 
-0.260416666667 0.997678882251 1.0 
-0.259722222222 0.997535703764 1.0 
-0.259027777778 0.997323424862 1.0 
-0.258333333333 0.997284330637 1.0 
-0.257638888889 0.996968614634 1.0 
-0.256944444444 0.996835214699 1.0 
-0.25625 0.996741309246 1.0 
-0.255555555556 0.996839038192 1.0 
-0.254861111111 0.996442897357 1.0 
-0.254166666667 0.996284974168 1.0 
-0.253472222222 0.996334204548 1.0 
-0.252777777778 0.995906951284 1.0 
-0.252083333333 0.996066726196 1.0 
-0.251388888889 0.995980358437 1.0 
-0.250694444444 0.995848843375 1.0 
-0.25 0.995709159451 1.0 
-0.249305555556 0.995471245126 1.0 
-0.248611111111 0.995492055025 1.0 
-0.247916666667 0.995255340882 1.0 
-0.247222222222 0.995117061158 1.0 
-0.246527777778 0.995000633467 1.0 
-0.245833333333 0.994787900559 1.0 
-0.245138888889 0.994743417728 1.0 
-0.244444444444 0.994499413386 1.0 
-0.24375 0.994414790889 1.0 
-0.243055555556 0.994404955118 1.0 
-0.242361111111 0.99419230044 1.0 
-0.241666666667 0.994198370479 1.0 
-0.240972222222 0.993916798588 1.0 
-0.240277777778 0.993870888608 1.0 
-0.239583333333 0.99376560626 1.0 
-0.238888888889 0.993542631936 1.0 
-0.238194444444 0.993549433113 1.0 
-0.2375 0.993177237581 1.0 
-0.236805555556 0.993147015585 1.0 
-0.236111111111 0.993168031116 1.0 
-0.235416666667 0.99319506194 1.0 
-0.234722222222 0.992987865927 1.0 
-0.234027777778 0.992916303911 1.0 
-0.233333333333 0.992530087492 1.0 
-0.232638888889 0.992499591176 1.0 
-0.231944444444 0.992285529451 1.0 
-0.23125 0.992252456745 1.0 
-0.230555555556 0.992338794931 1.0 
-0.229861111111 0.992145168645 1.0 
-0.229166666667 0.991908677096 1.0 
-0.228472222222 0.991864028031 1.0 
-0.227777777778 0.991950412369 1.0 
-0.227083333333 0.991852517132 1.0 
-0.226388888889 0.991661222646 1.0 
-0.225694444444 0.991650501634 1.0 
-0.225 0.991527580786 1.0 
-0.224305555556 0.991596585274 1.0 
-0.223611111111 0.991365745058 1.0 
-0.222916666667 0.991636735607 1.0 
-0.222222222222 0.991465953153 1.0 
-0.221527777778 0.991246201084 1.0 
-0.220833333333 0.99142350903 1.0 
-0.220138888889 0.991292699471 1.0 
-0.219444444444 0.991319443491 1.0 
-0.21875 0.99109110697 1.0 
-0.218055555556 0.991118163039 1.0 
-0.217361111111 0.991148826287 1.0 
-0.216666666667 0.991122571335 1.0 
-0.215972222222 0.991215085999 1.0 
-0.215277777778 0.991037567689 1.0 
-0.214583333333 0.990892727201 1.0 
-0.213888888889 0.990956496357 1.0 
-0.213194444444 0.990851447037 1.0 
-0.2125 0.990919904139 1.0 
-0.211805555556 0.99101177801 1.0 
-0.211111111111 0.990755769178 1.0 
-0.210416666667 0.990883306547 1.0 
-0.209722222222 0.990680150588 1.0 
-0.209027777778 0.990654637198 1.0 
-0.208333333333 0.99068667793 1.0 
-0.207638888889 0.990819994966 1.0 
-0.206944444444 0.990838423298 1.0 
-0.20625 0.990789112545 1.0 
-0.205555555556 0.990481536875 1.0 
-0.204861111111 0.990666354701 1.0 
-0.204166666667 0.990606421412 1.0 
-0.203472222222 0.990855014296 1.0 
-0.202777777778 0.990592162529 1.0 
-0.202083333333 0.990550285868 1.0 
-0.201388888889 0.990599031123 1.0 
-0.200694444444 0.990605754927 1.0 
-0.2 0.990674800916 1.0 
-0.199305555556 0.990521182643 1.0 
-0.198611111111 0.990549380211 1.0 
-0.197916666667 0.990613887379 1.0 
-0.197222222222 0.990584125424 1.0 
-0.196527777778 0.990661163154 1.0 
-0.195833333333 0.990608182892 1.0 
-0.195138888889 0.990407979811 1.0 
-0.194444444444 0.990320829265 1.0 
-0.19375 0.990584971368 1.0 
-0.193055555556 0.990343272054 1.0 
-0.192361111111 0.990406487432 1.0 
-0.191666666667 0.990142254301 1.0 
-0.190972222222 0.990230241062 1.0 
-0.190277777778 0.990443449572 1.0 
-0.189583333333 0.990213679988 1.0 
-0.188888888889 0.990322380981 1.0 
-0.188194444444 0.990195013878 1.0 
-0.1875 0.990271201278 1.0 
-0.186805555556 0.990174004887 1.0 
-0.186111111111 0.99036501627 1.0 
-0.185416666667 0.990241483976 1.0 
-0.184722222222 0.990119804496 1.0 
-0.184027777778 0.990110638613 1.0 
-0.183333333333 0.989915523222 1.0 
-0.182638888889 0.990258949074 1.0 
-0.181944444444 0.990116852469 1.0 
-0.18125 0.990127502706 1.0 
-0.180555555556 0.990106859997 1.0 
-0.179861111111 0.989998402825 1.0 
-0.179166666667 0.989969275705 1.0 
-0.178472222222 0.990132785433 1.0 
-0.177777777778 0.989983450154 1.0 
-0.177083333333 0.989945577041 1.0 
-0.176388888889 0.989867567386 1.0 
-0.175694444444 0.990068559415 1.0 
-0.175 0.990164414365 1.0 
-0.174305555556 0.990005008283 1.0 
-0.173611111111 0.989999112961 1.0 
-0.172916666667 0.989924865301 1.0 
-0.172222222222 0.98997183094 1.0 
-0.171527777778 0.989910427661 1.0 
-0.170833333333 0.989833411292 1.0 
-0.170138888889 0.989859065458 1.0 
-0.169444444444 0.989684916028 1.0 
-0.16875 0.989723679079 1.0 
-0.168055555556 0.989882258 1.0 
-0.167361111111 0.989817692273 1.0 
-0.166666666667 0.989887421412 1.0 
-0.165972222222 0.989784749183 1.0 
-0.165277777778 0.989952922414 1.0 
-0.164583333333 0.98975679441 1.0 
-0.163888888889 0.989732497342 1.0 
-0.163194444444 0.989857655074 1.0 
-0.1625 0.989836867905 1.0 
-0.161805555556 0.989771375457 1.0 
-0.161111111111 0.989917618448 1.0 
-0.160416666667 0.98985741964 1.0 
-0.159722222222 0.989496684973 1.0 
-0.159027777778 0.989568205525 1.0 
-0.158333333333 0.989780583654 1.0 
-0.157638888889 0.989737496349 1.0 
-0.156944444444 0.989853330353 1.0 
-0.15625 0.989625078299 1.0 
-0.155555555556 0.989572564232 1.0 
-0.154861111111 0.989671944148 1.0 
-0.154166666667 0.989572576438 1.0 
-0.153472222222 0.989744807572 1.0 
-0.152777777778 0.989783253882 1.0 
-0.152083333333 0.989496318598 1.0 
-0.151388888889 0.989572955979 1.0 
-0.150694444444 0.98955941456 1.0 
-0.15 0.989723367095 1.0 
-0.149305555556 0.98962317508 1.0 
-0.148611111111 0.98940803396 1.0 
-0.147916666667 0.989563418578 1.0 
-0.147222222222 0.989508754905 1.0 
-0.146527777778 0.989513333922 1.0 
-0.145833333333 0.989622466665 1.0 
-0.145138888889 0.989285646069 1.0 
-0.144444444444 0.989357776148 1.0 
-0.14375 0.989414574333 1.0 
-0.143055555556 0.989487057742 1.0 
-0.142361111111 0.989507789724 1.0 
-0.141666666667 0.989544086984 1.0 
-0.140972222222 0.989263642769 1.0 
-0.140277777778 0.989452941154 1.0 
-0.139583333333 0.989488076397 1.0 
-0.138888888889 0.989177243676 1.0 
-0.138194444444 0.989365715558 1.0 
-0.1375 0.989476531773 1.0 
-0.136805555556 0.989351260182 1.0 
-0.136111111111 0.989387052622 1.0 
-0.135416666667 0.989348548817 1.0 
-0.134722222222 0.989306492259 1.0 
-0.134027777778 0.98945838423 1.0 
-0.133333333333 0.989352672336 1.0 
-0.132638888889 0.989375878996 1.0 
-0.131944444444 0.989378708135 1.0 
-0.13125 0.989371969422 1.0 
-0.130555555556 0.989355191107 1.0 
-0.129861111111 0.989242631774 1.0 
-0.129166666667 0.989207779028 1.0 
-0.128472222222 0.989337378153 1.0 
-0.127777777778 0.989245740256 1.0 
-0.127083333333 0.989301082387 1.0 
-0.126388888889 0.989457217065 1.0 
-0.125694444444 0.9892916001 1.0 
-0.125 0.989262706845 1.0 
-0.124305555556 0.989260875885 1.0 
-0.123611111111 0.989276658992 1.0 
-0.122916666667 0.98948262334 1.0 
-0.122222222222 0.989259801978 1.0 
-0.121527777778 0.989173092309 1.0 
-0.120833333333 0.989219446683 1.0 
-0.120138888889 0.989155022425 1.0 
-0.119444444444 0.989368434216 1.0 
-0.11875 0.989079606909 1.0 
-0.118055555556 0.989206881027 1.0 
-0.117361111111 0.989281160341 1.0 
-0.116666666667 0.989216222669 1.0 
-0.115972222222 0.989167957272 1.0 
-0.115277777778 0.989121661106 1.0 
-0.114583333333 0.988973316429 1.0 
-0.113888888889 0.989326600243 1.0 
-0.113194444444 0.98916113396 1.0 
-0.1125 0.989273073696 1.0 
-0.111805555556 0.989197864688 1.0 
-0.111111111111 0.989168000729 1.0 
-0.110416666667 0.989245051547 1.0 
-0.109722222222 0.989191207624 1.0 
-0.109027777778 0.98906797263 1.0 
-0.108333333333 0.98919846458 1.0 
-0.107638888889 0.989506625824 1.0 
-0.106944444444 0.989351286177 1.0 
-0.10625 0.98917643118 1.0 
-0.105555555556 0.989200946381 1.0 
-0.104861111111 0.989072476489 1.0 
-0.104166666667 0.988984485931 1.0 
-0.103472222222 0.989045626836 1.0 
-0.102777777778 0.989064394303 1.0 
-0.102083333333 0.989177868731 1.0 
-0.101388888889 0.989068188601 1.0 
-0.100694444444 0.989128356627 1.0 
-0.1 0.98909188247 1.0 
-0.0993055555556 0.989134141341 1.0 
-0.0986111111111 0.989107225005 1.0 
-0.0979166666667 0.989069498004 1.0 
-0.0972222222222 0.989259005937 1.0 
-0.0965277777778 0.988981180229 1.0 
-0.0958333333333 0.988906474963 1.0 
-0.0951388888889 0.989020577001 1.0 
-0.0944444444444 0.988809510433 1.0 
-0.09375 0.989103758971 1.0 
-0.0930555555556 0.989019834831 1.0 
-0.0923611111111 0.989153475245 1.0 
-0.0916666666667 0.98908106441 1.0 
-0.0909722222222 0.989106647446 1.0 
-0.0902777777778 0.988955778788 1.0 
-0.0895833333333 0.989184486306 1.0 
-0.0888888888889 0.989229172252 1.0 
-0.0881944444444 0.988915970269 1.0 
-0.0875 0.988968163293 1.0 
-0.0868055555556 0.989114820626 1.0 
-0.0861111111111 0.988962972343 1.0 
-0.0854166666667 0.9889559131 1.0 
-0.0847222222222 0.988981999243 1.0 
-0.0840277777778 0.988996598798 1.0 
-0.0833333333333 0.989060457609 1.0 
-0.0826388888889 0.988795529407 1.0 
-0.0819444444444 0.989245769234 1.0 
-0.08125 0.988924049372 1.0 
-0.0805555555556 0.988954795216 1.0 
-0.0798611111111 0.988742982956 1.0 
-0.0791666666667 0.988900379467 1.0 
-0.0784722222222 0.988995850521 1.0 
-0.0777777777778 0.988934116374 1.0 
-0.0770833333333 0.988933618076 1.0 
-0.0763888888889 0.98896764258 1.0 
-0.0756944444444 0.989049619581 1.0 
-0.075 0.989019928789 1.0 
-0.0743055555556 0.98898854893 1.0 
-0.0736111111111 0.988824680391 1.0 
-0.0729166666667 0.988929250486 1.0 
-0.0722222222222 0.989056430562 1.0 
-0.0715277777778 0.988907038953 1.0 
-0.0708333333333 0.988922615941 1.0 
-0.0701388888889 0.98919998319 1.0 
-0.0694444444444 0.988851985035 1.0 
-0.06875 0.988913221442 1.0 
-0.0680555555556 0.988877990494 1.0 
-0.0673611111111 0.989078467569 1.0 
-0.0666666666667 0.98880869873 1.0 
-0.0659722222222 0.988768691196 1.0 
-0.0652777777778 0.989032427534 1.0 
-0.0645833333333 0.98878724897 1.0 
-0.0638888888889 0.989057608801 1.0 
-0.0631944444444 0.988924971835 1.0 
-0.0625 0.988930275305 1.0 
-0.0618055555556 0.989032099019 1.0 
-0.0611111111111 0.988943356078 1.0 
-0.0604166666667 0.988980046693 1.0 
-0.0597222222222 0.988975462625 1.0 
-0.0590277777778 0.98901916424 1.0 
-0.0583333333333 0.988855220388 1.0 
-0.0576388888889 0.988765261434 1.0 
-0.0569444444444 0.988807673966 1.0 
-0.05625 0.988793069567 1.0 
-0.0555555555556 0.988941914404 1.0 
-0.0548611111111 0.989018312835 1.0 
-0.0541666666667 0.988913665568 1.0 
-0.0534722222222 0.988960855419 1.0 
-0.0527777777778 0.988883626569 1.0 
-0.0520833333333 0.988961707673 1.0 
-0.0513888888889 0.988828019242 1.0 
-0.0506944444444 0.98898981103 1.0 
-0.05 0.988876438197 1.0 
-0.0493055555556 0.988930971003 1.0 
-0.0486111111111 0.98907497825 1.0 
-0.0479166666667 0.988827314281 1.0 
-0.0472222222222 0.988909479854 1.0 
-0.0465277777778 0.988828758181 1.0 
-0.0458333333333 0.988970948115 1.0 
-0.0451388888889 0.988782132527 1.0 
-0.0444444444444 0.989027058845 1.0 
-0.04375 0.988813758323 1.0 
-0.0430555555556 0.988941251289 1.0 
-0.0423611111111 0.988829637921 1.0 
-0.0416666666667 0.988818069437 1.0 
-0.0409722222222 0.989003678476 1.0 
-0.0402777777778 0.988792358947 1.0 
-0.0395833333333 0.988911069626 1.0 
-0.0388888888889 0.988792245802 1.0 
-0.0381944444444 0.988870643274 1.0 
-0.0375 0.988875206396 1.0 
-0.0368055555556 0.988865484484 1.0 
-0.0361111111111 0.988915637094 1.0 
-0.0354166666667 0.988708404377 1.0 
-0.0347222222222 0.988877043611 1.0 
-0.0340277777778 0.98901669939 1.0 
-0.0333333333333 0.988993735299 1.0 
-0.0326388888889 0.989011190566 1.0 
-0.0319444444444 0.988923125412 1.0 
-0.03125 0.988804490374 1.0 
-0.0305555555556 0.988751589613 1.0 
-0.0298611111111 0.988685894434 1.0 
-0.0291666666667 0.988838717955 1.0 
-0.0284722222222 0.988945428654 1.0 
-0.0277777777778 0.989061941284 1.0 
-0.0270833333333 0.988951694555 1.0 
-0.0263888888889 0.988867080656 1.0 
-0.0256944444444 0.988899443849 1.0 
-0.025 0.988898028962 1.0 
-0.0243055555556 0.988923905035 1.0 
-0.0236111111111 0.988748439335 1.0 
-0.0229166666667 0.988880698878 1.0 
-0.0222222222222 0.988947496841 1.0 
-0.0215277777778 0.988960047778 1.0 
-0.0208333333333 0.988928531864 1.0 
-0.0201388888889 0.98891676462 1.0 
-0.0194444444444 0.988932007721 1.0 
-0.01875 0.988947190908 1.0 
-0.0180555555556 0.988805474075 1.0 
-0.0173611111111 0.988886171052 1.0 
-0.0166666666667 0.988824968924 1.0 
-0.0159722222222 0.988897190047 1.0 
-0.0152777777778 0.98872151034 1.0 
-0.0145833333333 0.988855435756 1.0 
-0.0138888888889 0.989061630868 1.0 
-0.0131944444444 0.98888193046 1.0 
-0.0125 0.988971718749 1.0 
-0.0118055555556 0.989132819409 1.0 
-0.0111111111111 0.988809626181 1.0 
-0.0104166666667 0.988724317023 1.0 
-0.00972222222222 0.988872154389 1.0 
-0.00902777777778 0.988835567101 1.0 
-0.00833333333334 0.988854932036 1.0 
-0.00763888888889 0.988788420533 1.0 
-0.00694444444445 0.98888305708 1.0 
-0.00625 0.988950820917 1.0 
-0.00555555555556 0.988900770313 1.0 
-0.00486111111111 0.988700713911 1.0 
-0.00416666666667 0.988824475598 1.0 
-0.00347222222222 0.989052467247 1.0 
-0.00277777777778 0.988982182587 1.0 
-0.00208333333334 0.989063120436 1.0 
-0.00138888888889 0.989026012399 1.0 
-0.000694444444447 0.988840066567 1.0 
-2.10942374679e-15 0.988915891576 1.0 
0.000694444444442 0.988785451467 1.0 
0.00138888888889 0.988989396498 1.0 
0.00208333333333 0.988845326695 1.0 
0.00277777777778 0.988762129724 1.0 
0.00347222222222 0.988970174767 1.0 
0.00416666666666 0.988828198274 1.0 
0.00486111111111 0.989051144679 1.0 
0.00555555555555 0.989001115003 1.0 
0.00625 0.988937600234 1.0 
0.00694444444444 0.988935571614 1.0 
0.00763888888889 0.989104297765 1.0 
0.00833333333333 0.989170734602 1.0 
0.00902777777778 0.988947296098 1.0 
0.00972222222222 0.988613377922 1.0 
0.0104166666667 0.988880258036 1.0 
0.0111111111111 0.98888201343 1.0 
0.0118055555556 0.988801935464 1.0 
0.0125 0.988940875362 1.0 
0.0131944444444 0.989176940547 1.0 
0.0138888888889 0.988940939874 1.0 
0.0145833333333 0.988978917377 1.0 
0.0152777777778 0.988844032026 1.0 
0.0159722222222 0.988909837069 1.0 
0.0166666666667 0.989106751529 1.0 
0.0173611111111 0.988849988721 1.0 
0.0180555555556 0.988860581535 1.0 
0.01875 0.988937964522 1.0 
0.0194444444444 0.98876524662 1.0 
0.0201388888889 0.988747563819 1.0 
0.0208333333333 0.988831272435 1.0 
0.0215277777778 0.988923914782 1.0 
0.0222222222222 0.988918070904 1.0 
0.0229166666667 0.989067199291 1.0 
0.0236111111111 0.988800686114 1.0 
0.0243055555556 0.9888345308 1.0 
0.025 0.988758519336 1.0 
0.0256944444444 0.988932417724 1.0 
0.0263888888889 0.988932484733 1.0 
0.0270833333333 0.988770642023 1.0 
0.0277777777778 0.9889505105 1.0 
0.0284722222222 0.98886651755 1.0 
0.0291666666667 0.988731877859 1.0 
0.0298611111111 0.989062738788 1.0 
0.0305555555556 0.988813207705 1.0 
0.03125 0.988767486726 1.0 
0.0319444444444 0.98887798316 1.0 
0.0326388888889 0.988812240404 1.0 
0.0333333333333 0.9887651516 1.0 
0.0340277777778 0.989030370185 1.0 
0.0347222222222 0.988919777345 1.0 
0.0354166666667 0.988782212314 1.0 
0.0361111111111 0.988854281028 1.0 
0.0368055555556 0.988890301032 1.0 
0.0375 0.988990435126 1.0 
0.0381944444444 0.989003225642 1.0 
0.0388888888889 0.98891270163 1.0 
0.0395833333333 0.989008538852 1.0 
0.0402777777778 0.988959605272 1.0 
0.0409722222222 0.988923164539 1.0 
0.0416666666667 0.988835399968 1.0 
0.0423611111111 0.988926413639 1.0 
0.0430555555556 0.988906456828 1.0 
0.04375 0.988967970922 1.0 
0.0444444444444 0.988810657461 1.0 
0.0451388888889 0.988895182551 1.0 
0.0458333333333 0.988825235571 1.0 
0.0465277777778 0.989001489661 1.0 
0.0472222222222 0.98897142311 1.0 
0.0479166666667 0.989011830116 1.0 
0.0486111111111 0.988999978349 1.0 
0.0493055555556 0.989075267655 1.0 
0.05 0.988874369754 1.0 
0.0506944444444 0.988864993284 1.0 
0.0513888888889 0.988886559504 1.0 
0.0520833333333 0.988926597212 1.0 
0.0527777777778 0.988944746776 1.0 
0.0534722222222 0.988773721248 1.0 
0.0541666666667 0.989002545359 1.0 
0.0548611111111 0.988891875845 1.0 
0.0555555555556 0.988957946071 1.0 
0.05625 0.989145201235 1.0 
0.0569444444444 0.988993241373 1.0 
0.0576388888889 0.988972065472 1.0 
0.0583333333333 0.988848652866 1.0 
0.0590277777778 0.988820516584 1.0 
0.0597222222222 0.988694260081 1.0 
0.0604166666667 0.988891970769 1.0 
0.0611111111111 0.989099376473 1.0 
0.0618055555556 0.989104161788 1.0 
0.0625 0.988953288665 1.0 
0.0631944444444 0.9891774597 1.0 
0.0638888888889 0.989085408926 1.0 
0.0645833333333 0.98894629924 1.0 
0.0652777777778 0.989208166425 1.0 
0.0659722222222 0.988947646036 1.0 
0.0666666666667 0.988988184999 1.0 
0.0673611111111 0.989186091199 1.0 
0.0680555555556 0.989121969532 1.0 
0.06875 0.989071807417 1.0 
0.0694444444444 0.988998333902 1.0 
0.0701388888889 0.988952468007 1.0 
0.0708333333333 0.989054604047 1.0 
0.0715277777778 0.989113328783 1.0 
0.0722222222222 0.989138468591 1.0 
0.0729166666667 0.989000386144 1.0 
0.0736111111111 0.988804002186 1.0 
0.0743055555556 0.989040723056 1.0 
0.075 0.988950303841 1.0 
0.0756944444444 0.989173297583 1.0 
0.0763888888889 0.988962748651 1.0 
0.0770833333333 0.98905072736 1.0 
0.0777777777778 0.988984950838 1.0 
0.0784722222222 0.98910283576 1.0 
0.0791666666667 0.988954907756 1.0 
0.0798611111111 0.989160534417 1.0 
0.0805555555556 0.989145709633 1.0 
0.08125 0.989155872926 1.0 
0.0819444444444 0.989177521034 1.0 
0.0826388888889 0.989162816561 1.0 
0.0833333333333 0.989155447097 1.0 
0.0840277777778 0.989190336258 1.0 
0.0847222222222 0.98892873391 1.0 
0.0854166666667 0.989049963151 1.0 
0.0861111111111 0.989112772609 1.0 
0.0868055555556 0.989001762799 1.0 
0.0875 0.989169262726 1.0 
0.0881944444444 0.988957823768 1.0 
0.0888888888889 0.989058214848 1.0 
0.0895833333333 0.989095315911 1.0 
0.0902777777778 0.989215174792 1.0 
0.0909722222222 0.989041032363 1.0 
0.0916666666667 0.988896855932 1.0 
0.0923611111111 0.989233562124 1.0 
0.0930555555556 0.989065878211 1.0 
0.09375 0.989176151194 1.0 
0.0944444444444 0.989194998518 1.0 
0.0951388888889 0.98904295661 1.0 
0.0958333333333 0.988934901439 1.0 
0.0965277777778 0.989105968504 1.0 
0.0972222222222 0.989123810788 1.0 
0.0979166666667 0.989132364387 1.0 
0.0986111111111 0.989107729139 1.0 
0.0993055555556 0.98918482136 1.0 
0.1 0.98924446468 1.0 
0.100694444444 0.989305292788 1.0 
0.101388888889 0.989200535436 1.0 
0.102083333333 0.989192188334 1.0 
0.102777777778 0.989278634697 1.0 
0.103472222222 0.989226665786 1.0 
0.104166666667 0.989188280617 1.0 
0.104861111111 0.989232113216 1.0 
0.105555555556 0.989128203342 1.0 
0.10625 0.989140431683 1.0 
0.106944444444 0.989279246929 1.0 
0.107638888889 0.989179695839 1.0 
0.108333333333 0.989426986501 1.0 
0.109027777778 0.989335835852 1.0 
0.109722222222 0.989377528238 1.0 
0.110416666667 0.989323832899 1.0 
0.111111111111 0.989303380855 1.0 
0.111805555556 0.989374878299 1.0 
0.1125 0.989349658738 1.0 
0.113194444444 0.989534640348 1.0 
0.113888888889 0.989299332884 1.0 
0.114583333333 0.989300704108 1.0 
0.115277777778 0.989151239952 1.0 
0.115972222222 0.989161354469 1.0 
0.116666666667 0.989332313456 1.0 
0.117361111111 0.989223873409 1.0 
0.118055555556 0.98920079463 1.0 
0.11875 0.989213265389 1.0 
0.119444444444 0.989350475269 1.0 
0.120138888889 0.989251451463 1.0 
0.120833333333 0.989564954223 1.0 
0.121527777778 0.98953770796 1.0 
0.122222222222 0.98919938589 1.0 
0.122916666667 0.989259101506 1.0 
0.123611111111 0.98931813786 1.0 
0.124305555556 0.989531241367 1.0 
0.125 0.989349091693 1.0 
0.125694444444 0.989172259923 1.0 
0.126388888889 0.989168492443 1.0 
0.127083333333 0.989362852215 1.0 
0.127777777778 0.989540484253 1.0 
0.128472222222 0.989453907569 1.0 
0.129166666667 0.989507446801 1.0 
0.129861111111 0.989433055854 1.0 
0.130555555556 0.989528190796 1.0 
0.13125 0.989463259683 1.0 
0.131944444444 0.989448496799 1.0 
0.132638888889 0.989410363443 1.0 
0.133333333333 0.989543242423 1.0 
0.134027777778 0.989389817938 1.0 
0.134722222222 0.989295203578 1.0 
0.135416666667 0.989617333405 1.0 
0.136111111111 0.989454060317 1.0 
0.136805555556 0.989326866273 1.0 
0.1375 0.989490274784 1.0 
0.138194444444 0.989586954062 1.0 
0.138888888889 0.989458204836 1.0 
0.139583333333 0.989415620213 1.0 
0.140277777778 0.98943884007 1.0 
0.140972222222 0.989702172815 1.0 
0.141666666667 0.98975511937 1.0 
0.142361111111 0.989695343214 1.0 
0.143055555556 0.989637581501 1.0 
0.14375 0.989623640647 1.0 
0.144444444444 0.98974429367 1.0 
0.145138888889 0.989606776509 1.0 
0.145833333333 0.989541762808 1.0 
0.146527777778 0.989459269552 1.0 
0.147222222222 0.989503769226 1.0 
0.147916666667 0.989493781433 1.0 
0.148611111111 0.989659716426 1.0 
0.149305555556 0.989455164533 1.0 
0.15 0.989615173 1.0 
0.150694444444 0.989543975494 1.0 
0.151388888889 0.989627629386 1.0 
0.152083333333 0.989691198563 1.0 
0.152777777778 0.989787223095 1.0 
0.153472222222 0.989668340865 1.0 
0.154166666667 0.989644606496 1.0 
0.154861111111 0.989652478331 1.0 
0.155555555556 0.989788592138 1.0 
0.15625 0.989773016415 1.0 
0.156944444444 0.98972879348 1.0 
0.157638888889 0.989622046426 1.0 
0.158333333333 0.989601557891 1.0 
0.159027777778 0.989775287727 1.0 
0.159722222222 0.989921281708 1.0 
0.160416666667 0.989747296033 1.0 
0.161111111111 0.989836001168 1.0 
0.161805555556 0.989869485456 1.0 
0.1625 0.990048623289 1.0 
0.163194444444 0.989926289409 1.0 
0.163888888889 0.989760066888 1.0 
0.164583333333 0.989862954037 1.0 
0.165277777778 0.9899255707 1.0 
0.165972222222 0.989940903721 1.0 
0.166666666667 0.989971432749 1.0 
0.167361111111 0.989778669729 1.0 
0.168055555556 0.989868890278 1.0 
0.16875 0.989860244589 1.0 
0.169444444444 0.990029667503 1.0 
0.170138888889 0.989861754551 1.0 
0.170833333333 0.989837728467 1.0 
0.171527777778 0.989964068913 1.0 
0.172222222222 0.990078336688 1.0 
0.172916666667 0.990020477159 1.0 
0.173611111111 0.989871283397 1.0 
0.174305555556 0.989974136733 1.0 
0.175 0.990167384142 1.0 
0.175694444444 0.990095942233 1.0 
0.176388888889 0.990012544659 1.0 
0.177083333333 0.990175129087 1.0 
0.177777777778 0.989924929223 1.0 
0.178472222222 0.990173493289 1.0 
0.179166666667 0.990259984808 1.0 
0.179861111111 0.990176577839 1.0 
0.180555555556 0.9902830154 1.0 
0.18125 0.990201220344 1.0 
0.181944444444 0.990361890689 1.0 
0.182638888889 0.990117428807 1.0 
0.183333333333 0.990239231629 1.0 
0.184027777778 0.990088656295 1.0 
0.184722222222 0.990190220041 1.0 
0.185416666667 0.990257089774 1.0 
0.186111111111 0.99038661465 1.0 
0.186805555556 0.99023758165 1.0 
0.1875 0.990228935647 1.0 
0.188194444444 0.990266177948 1.0 
0.188888888889 0.990406628333 1.0 
0.189583333333 0.990472625492 1.0 
0.190277777778 0.990220799133 1.0 
0.190972222222 0.990454098066 1.0 
0.191666666667 0.990298457092 1.0 
0.192361111111 0.990385718592 1.0 
0.193055555556 0.990378796933 1.0 
0.19375 0.990526233449 1.0 
0.194444444444 0.990590375201 1.0 
0.195138888889 0.990324235634 1.0 
0.195833333333 0.990524518809 1.0 
0.196527777778 0.990514785481 1.0 
0.197222222222 0.990452711776 1.0 
0.197916666667 0.990428863273 1.0 
0.198611111111 0.990632362548 1.0 
0.199305555556 0.990633116563 1.0 
0.2 0.990533836894 1.0 
0.200694444444 0.990625801989 1.0 
0.201388888889 0.990724405138 1.0 
0.202083333333 0.990713607716 1.0 
0.202777777778 0.990451629213 1.0 
0.203472222222 0.990919656328 1.0 
0.204166666667 0.990816477367 1.0 
0.204861111111 0.990766780463 1.0 
0.205555555556 0.991048400218 1.0 
0.20625 0.990813941172 1.0 
0.206944444444 0.990698345022 1.0 
0.207638888889 0.990749334452 1.0 
0.208333333333 0.990964567806 1.0 
0.209027777778 0.990944428139 1.0 
0.209722222222 0.990902041338 1.0 
0.210416666667 0.990897398767 1.0 
0.211111111111 0.990962988467 1.0 
0.211805555556 0.991099468386 1.0 
0.2125 0.991015090354 1.0 
0.213194444444 0.9908931096 1.0 
0.213888888889 0.991118093161 1.0 
0.214583333333 0.991089079699 1.0 
0.215277777778 0.991339573715 1.0 
0.215972222222 0.991489857489 1.0 
0.216666666667 0.991297175061 1.0 
0.217361111111 0.991427030504 1.0 
0.218055555556 0.991487586371 1.0 
0.21875 0.991568291171 1.0 
0.219444444444 0.991661174206 1.0 
0.220138888889 0.991565702885 1.0 
0.220833333333 0.991593892189 1.0 
0.221527777778 0.991886964619 1.0 
0.222222222222 0.991767592736 1.0 
0.222916666667 0.992021459617 1.0 
0.223611111111 0.99199671772 1.0 
0.224305555556 0.992066720685 1.0 
0.225 0.992238964977 1.0 
0.225694444444 0.992325287028 1.0 
0.226388888889 0.992284867383 1.0 
0.227083333333 0.992707953182 1.0 
0.227777777778 0.992604079226 1.0 
0.228472222222 0.99250087444 1.0 
0.229166666667 0.992717992906 1.0 
0.229861111111 0.992764622265 1.0 
0.230555555556 0.9930878144 1.0 
0.23125 0.992918744008 1.0 
0.231944444444 0.992975512194 1.0 
0.232638888889 0.993177345084 1.0 
0.233333333333 0.993222620162 1.0 
0.234027777778 0.993416878047 1.0 
0.234722222222 0.993518255692 1.0 
0.235416666667 0.993557804156 1.0 
0.236111111111 0.993783151997 1.0 
0.236805555556 0.993876798915 1.0 
0.2375 0.993844671459 1.0 
0.238194444444 0.993907647952 1.0 
0.238888888889 0.994030752576 1.0 
0.239583333333 0.994118721573 1.0 
0.240277777778 0.994088020465 1.0 
0.240972222222 0.99429119254 1.0 
0.241666666667 0.994513278249 1.0 
0.242361111111 0.994348591589 1.0 
0.243055555556 0.994698693786 1.0 
0.24375 0.994682314683 1.0 
0.244444444444 0.994650718683 1.0 
0.245138888889 0.994767799471 1.0 
0.245833333333 0.994764002507 1.0 
0.246527777778 0.995214830023 1.0 
0.247222222222 0.99528811832 1.0 
0.247916666667 0.995417624797 1.0 
0.248611111111 0.995388690016 1.0 
0.249305555556 0.995515909725 1.0 
0.25 0.995524570687 1.0 
0.250694444444 0.995599968191 1.0 
0.251388888889 0.995952707531 1.0 
0.252083333333 0.995969590755 1.0 
0.252777777778 0.995989042361 1.0 
0.253472222222 0.996133361248 1.0 
0.254166666667 0.996278830345 1.0 
0.254861111111 0.996375191124 1.0 
0.255555555556 0.996400112653 1.0 
0.25625 0.996599256226 1.0 
0.256944444444 0.996520003219 1.0 
0.257638888889 0.996710409349 1.0 
0.258333333333 0.996799351052 1.0 
0.259027777778 0.996939477668 1.0 
0.259722222222 0.996895058284 1.0 
0.260416666667 0.997068774637 1.0 
0.261111111111 0.997251148683 1.0 
0.261805555556 0.997218503803 1.0 
0.2625 0.997505296921 1.0 
0.263194444444 0.997483116565 1.0 
0.263888888889 0.997515615357 1.0 
0.264583333333 0.997543234659 1.0 
0.265277777778 0.997789632213 1.0 
0.265972222222 0.997658972455 1.0 
0.266666666667 0.997829687435 1.0 
0.267361111111 0.998120619569 1.0 
0.268055555556 0.99810042757 1.0 
0.26875 0.998200844249 1.0 
0.269444444444 0.998288978497 1.0 
0.270138888889 0.998222431266 1.0 
0.270833333333 0.998259794263 1.0 
0.271527777778 0.998616835995 1.0 
0.272222222222 0.998429247642 1.0 
0.272916666667 0.998693918821 1.0 
0.273611111111 0.998565769395 1.0 
0.274305555556 0.998714687482 1.0 
0.275 0.999089495024 1.0 
0.275694444444 0.998995977127 1.0 
0.276388888889 0.999057057082 1.0 
0.277083333333 0.998986096114 1.0 
0.277777777778 0.999167592492 1.0 
0.278472222222 0.999284747417 1.0 
0.279166666667 0.999299767972 1.0 
0.279861111111 0.999272182101 1.0 
0.280555555556 0.999176753695 1.0 
0.28125 0.999384870607 1.0 
0.281944444444 0.999528605764 1.0 
0.282638888889 0.999551326555 1.0 
0.283333333333 0.999650104999 1.0 
0.284027777778 0.999681450447 1.0 
0.284722222222 0.999538589464 1.0 
0.285416666667 0.999809632216 1.0 
0.286111111111 0.999650849883 1.0 
0.286805555556 0.999734397998 1.0 
0.2875 0.999918737496 1.0 
0.288194444444 0.999916673745 1.0 
0.288888888889 0.99989981928 1.0 
0.289583333333 0.999953073619 1.0 
0.290277777778 0.999979110395 1.0 
0.290972222222 1.0000347213 1.0 
0.291666666667 1.00021738059 1.0 
0.292361111111 0.999772861282 1.0 
0.293055555556 0.999892089319 1.0 
0.29375 0.999926325057 1.0 
0.294444444444 0.999871035923 1.0 
0.295138888889 1.00010883538 1.0 
0.295833333333 0.999845900218 1.0 
0.296527777778 1.00015453837 1.0 
0.297222222222 0.99992086577 1.0 
0.297916666667 1.00001173356 1.0 
0.298611111111 0.999969135209 1.0 
0.299305555556 0.999799110028 1.0 
0.3 0.999816023988 1.0 
0.300694444444 0.999941010856 1.0 
0.301388888889 1.00003117263 1.0 
0.302083333333 1.00000077174 1.0 
0.302777777778 0.999872711634 1.0 
0.303472222222 0.999748420319 1.0 
0.304166666667 0.999908932642 1.0 
0.304861111111 0.999847254109 1.0 
0.305555555556 1.00004260168 1.0 
0.30625 0.999960986209 1.0 
0.306944444444 0.999904190991 1.0 
0.307638888889 0.999878188038 1.0 
0.308333333333 0.999877537366 1.0 
0.309027777778 0.999853820253 1.0 
0.309722222222 1.00004725977 1.0 
0.310416666667 1.0000822603 1.0 
0.311111111111 1.00000954843 1.0 
0.311805555556 0.999882089957 1.0 
0.3125 0.999957840198 1.0 
0.313194444444 0.999996164079 1.0 
0.313888888889 0.999899468459 1.0 
0.314583333333 0.99991492126 1.0 
0.315277777778 1.00001810913 1.0 
0.315972222222 1.00006448548 1.0 
0.316666666667 1.00013331673 1.0 
0.317361111111 0.999998960945 1.0 
0.318055555556 0.999960610189 1.0 
0.31875 0.999918275705 1.0 
0.319444444444 0.999908744645 1.0 
0.320138888889 1.00010704657 1.0 
0.320833333333 0.999849784559 1.0 
0.321527777778 0.99993986844 1.0 
0.322222222222 0.999935520524 1.0 
0.322916666667 0.999914924413 1.0 
0.323611111111 0.999878348687 1.0 
0.324305555556 1.00010913314 1.0 
0.325 0.999935822447 1.0 
0.325694444444 1.00011505771 1.0 
0.326388888889 1.0000558851 1.0 
0.327083333333 0.999793158897 1.0 
0.327777777778 1.00007366439 1.0 
0.328472222222 0.99990951525 1.0 
0.329166666667 0.999795380582 1.0 
0.329861111111 1.00009593953 1.0 
0.330555555556 0.999999668932 1.0 
0.33125 0.999898427145 1.0 
0.331944444444 0.999810410215 1.0 
0.332638888889 0.999865663774 1.0 
0.333333333333 0.999932399972 1.0 
0.334027777778 1.00004119378 1.0 
0.334722222222 0.999807929093 1.0 
0.335416666667 0.999967714931 1.0 
0.336111111111 0.999816714578 1.0 
0.336805555556 1.00002446526 1.0 
0.3375 0.999905079643 1.0 
0.338194444444 0.999927745313 1.0 
0.338888888889 1.00004128068 1.0 
0.339583333333 1.00001927458 1.0 
0.340277777778 0.999899735708 1.0 
0.340972222222 1.00010159973 1.0 
0.341666666667 1.00004096631 1.0 
0.342361111111 0.999870537973 1.0 
0.343055555556 0.999949024434 1.0 
0.34375 1.00002955645 1.0 
0.344444444444 1.00012367886 1.0 
0.345138888889 0.999928943328 1.0 
0.345833333333 0.999898741218 1.0 
0.346527777778 0.999824932245 1.0 
0.347222222222 0.999928939999 1.0 
0.347916666667 1.00016167718 1.0 
0.348611111111 1.00002360342 1.0 
0.349305555556 0.999826198923 1.0 
0.35 1.00002720915 1.0 
0.350694444444 0.999924843613 1.0 
0.351388888889 0.99993599688 1.0 
0.352083333333 0.999857840491 1.0 
0.352777777778 0.999827222353 1.0 
0.353472222222 0.999973707597 1.0 
0.354166666667 0.999805246728 1.0 
0.354861111111 1.00001947975 1.0 
0.355555555556 0.999911950595 1.0 
0.35625 0.999950896546 1.0 
0.356944444444 0.999876854596 1.0 
0.357638888889 1.00005220282 1.0 
0.358333333333 1.00009480419 1.0 
0.359027777778 0.999983035348 1.0 
0.359722222222 0.999930193136 1.0 
0.360416666667 1.00013848934 1.0 
0.361111111111 1.00021395159 1.0 
0.361805555556 1.00012897918 1.0 
0.3625 0.999949382634 1.0 
0.363194444444 1.00015462681 1.0 
0.363888888889 1.00007523068 1.0 
0.364583333333 1.00006183817 1.0 
0.365277777778 1.00005880116 1.0 
0.365972222222 1.00014654717 1.0 
0.366666666667 0.999996316771 1.0 
0.367361111111 0.999965040784 1.0 
0.368055555556 0.999992713916 1.0 
0.36875 1.00000251379 1.0 
0.369444444444 1.00009370541 1.0 
0.370138888889 1.00000935396 1.0 
0.370833333333 1.00008271265 1.0 
0.371527777778 1.00014609994 1.0 
0.372222222222 1.00001045858 1.0 
0.372916666667 0.999888499228 1.0 
0.373611111111 1.00005376732 1.0 
0.374305555556 1.00008390296 1.0 
0.375 0.999959506001 1.0 
0.375694444444 0.999937408128 1.0 
0.376388888889 0.999917709634 1.0 
0.377083333333 0.999997856898 1.0 
0.377777777778 0.999961080137 1.0 
0.378472222222 0.999913327961 1.0 
0.379166666667 1.00006476316 1.0 
0.379861111111 1.00009914777 1.0 
0.380555555556 1.00008465803 1.0 
0.38125 0.999968119475 1.0 
0.381944444444 1.00010891116 1.0 
0.382638888889 0.999988045277 1.0 
0.383333333333 1.00007346875 1.0 
0.384027777778 1.00010471319 1.0 
0.384722222222 0.999918233881 1.0 
0.385416666667 1.00004575587 1.0 
0.386111111111 0.999793549413 1.0 
0.386805555556 1.00007352367 1.0 
0.3875 1.00006128411 1.0 
0.388194444444 1.00006421432 1.0 
0.388888888889 0.999997521338 1.0 
0.389583333333 1.00002629509 1.0 
0.390277777778 1.00001747048 1.0 
0.390972222222 1.00018600795 1.0 
0.391666666667 0.999869259687 1.0 
0.392361111111 0.999961957671 1.0 
0.393055555556 0.999971315362 1.0 
0.39375 0.99998015459 1.0 
0.394444444444 1.00001172101 1.0 
0.395138888889 0.999989966338 1.0 
0.395833333333 1.00008908195 1.0 
0.396527777778 1.00001129342 1.0 
0.397222222222 0.999819663489 1.0 
0.397916666667 0.999884404469 1.0 
0.398611111111 0.999808874885 1.0 
0.399305555556 1.00012927359 1.0 
0.4 0.999934808324 1.0 
0.400694444444 1.00003078793 1.0 
0.401388888889 1.0000148527 1.0 
0.402083333333 0.999936428789 1.0 
0.402777777778 0.999906031459 1.0 
0.403472222222 0.999968550777 1.0 
0.404166666667 1.0000811784 1.0 
0.404861111111 1.00008829 1.0 
0.405555555556 1.00014084792 1.0 
0.40625 0.999902073968 1.0 
0.406944444444 0.999989802046 1.0 
0.407638888889 1.00026366357 1.0 
0.408333333333 1.00007567242 1.0 
0.409027777778 1.0001378908 1.0 
0.409722222222 1.00001528865 1.0 
0.410416666667 0.999761004408 1.0 
0.411111111111 1.00002492532 1.0 
0.411805555556 1.00000660595 1.0 
0.4125 0.999876296616 1.0 
0.413194444444 0.999959795355 1.0 
0.413888888889 1.00006437669 1.0 
0.414583333333 1.00000997199 1.0 
0.415277777778 1.00002596133 1.0 
0.415972222222 0.999957163518 1.0 
0.416666666667 1.00000731701 1.0 
0.417361111111 0.999894221065 1.0 
0.418055555556 0.999962677094 1.0 
0.41875 0.999943362149 1.0 
0.419444444444 1.00001092501 1.0 
0.420138888889 0.999887398132 1.0 
0.420833333333 0.999983781546 1.0 
0.421527777778 0.999953091683 1.0 
0.422222222222 1.00006136297 1.0 
0.422916666667 1.00008559843 1.0 
0.423611111111 1.0001079406 1.0 
0.424305555556 1.00013484599 1.0 
0.425 0.99995706895 1.0 
0.425694444444 1.00018978374 1.0 
0.426388888889 1.00000299341 1.0 
0.427083333333 1.00013600602 1.0 
0.427777777778 1.00006078815 1.0 
0.428472222222 0.99998491015 1.0 
0.429166666667 0.999946544324 1.0 
0.429861111111 1.00010383674 1.0 
0.430555555556 1.00003478998 1.0 
0.43125 1.00010985678 1.0 
0.431944444444 1.0000782604 1.0 
0.432638888889 0.999908249742 1.0 
0.433333333333 0.999990598192 1.0 
0.434027777778 0.999943891771 1.0 
0.434722222222 1.0001514786 1.0 
0.435416666667 1.00004426045 1.0 
0.436111111111 1.00003777853 1.0 
0.436805555556 0.999978885771 1.0 
0.4375 1.00011786246 1.0 
0.438194444444 0.999955389434 1.0 
0.438888888889 0.999912129846 1.0 
0.439583333333 0.999993506788 1.0 
0.440277777778 1.00006258003 1.0 
0.440972222222 0.999886187434 1.0 
0.441666666667 1.0000349014 1.0 
0.442361111111 0.99992780511 1.0 
0.443055555556 1.00024010355 1.0 
0.44375 1.00004506898 1.0 
0.444444444444 0.999843429963 1.0 
0.445138888889 1.00007727189 1.0 
0.445833333333 1.00000180485 1.0 
0.446527777778 0.999994006708 1.0 
0.447222222222 0.999937395775 1.0 
0.447916666667 1.00013665152 1.0 
0.448611111111 1.00003191516 1.0 
0.449305555556 1.00013439922 1.0 
0.45 1.000183187 1.0 
0.450694444444 1.00018192028 1.0 
0.451388888889 0.999948138683 1.0 
0.452083333333 1.00012226849 1.0 
0.452777777778 1.00010191151 1.0 
0.453472222222 1.00020525835 1.0 
0.454166666667 1.00009301294 1.0 
0.454861111111 0.999784250441 1.0 
0.455555555556 1.0002779937 1.0 
0.45625 0.999957210632 1.0 
0.456944444444 0.999859440892 1.0 
0.457638888889 0.999964713289 1.0 
0.458333333333 0.999946630966 1.0 
0.459027777778 0.999829949352 1.0 
0.459722222222 0.999860919151 1.0 
0.460416666667 1.00000887772 1.0 
0.461111111111 1.00005959791 1.0 
0.461805555556 0.999977573658 1.0 
0.4625 0.999984428018 1.0 
0.463194444444 1.00005065277 1.0 
0.463888888889 1.00007253992 1.0 
0.464583333333 0.999950288604 1.0 
0.465277777778 1.0001191385 1.0 
0.465972222222 1.00009310367 1.0 
0.466666666667 1.00008676057 1.0 
0.467361111111 1.0000857103 1.0 
0.468055555556 1.0000788942 1.0 
0.46875 1.00003653916 1.0 
0.469444444444 1.00002043657 1.0 
0.470138888889 1.00006267575 1.0 
0.470833333333 1.00002323771 1.0 
0.471527777778 0.999800486425 1.0 
0.472222222222 0.999975514546 1.0 
0.472916666667 0.999943205868 1.0 
0.473611111111 1.00008021463 1.0 
0.474305555556 1.00018866825 1.0 
0.475 1.00013447783 1.0 
0.475694444444 1.00012054574 1.0 
0.476388888889 1.00009780222 1.0 
0.477083333333 1.00003133075 1.0 
0.477777777778 1.00002469536 1.0 
0.478472222222 1.00016358178 1.0 
0.479166666667 0.999846113734 1.0 
0.479861111111 1.00012182499 1.0 
0.480555555556 1.00002513033 1.0 
0.48125 1.00008477495 1.0 
0.481944444444 1.00000436276 1.0 
0.482638888889 1.00014371609 1.0 
0.483333333333 1.00009916046 1.0 
0.484027777778 1.00003694785 1.0 
0.484722222222 1.00007842552 1.0 
0.485416666667 1.00028245234 1.0 
0.486111111111 1.00000649027 1.0 
0.486805555556 0.999994516495 1.0 
0.4875 1.00002681592 1.0 
0.488194444444 1.00013501713 1.0 
0.488888888889 0.999893601919 1.0 
0.489583333333 0.999907139248 1.0 
0.490277777778 1.00012155193 1.0 
0.490972222222 0.999948530543 1.0 
0.491666666667 0.999961734917 1.0 
0.492361111111 1.00003272638 1.0 
0.493055555556 1.00002416655 1.0 
0.49375 1.00004792832 1.0 
0.494444444444 0.99996091739 1.0 
0.495138888889 1.00008328774 1.0 
0.495833333333 0.999973374951 1.0 
0.496527777778 1.00011886086 1.0 
0.497222222222 0.999844436676 1.0 
0.497916666667 1.00014974936 1.0 
0.498611111111 1.00003645516 1.0 
0.499305555556 0.999982020321 1.0 
0.5 0.999979392203 1.0 
0.500694444444 1.00005837815 1.0 
0.501388888889 0.999962794041 1.0 
0.502083333333 0.999908846718 1.0 
0.502777777778 1.00006762382 1.0 
0.503472222222 1.00005054818 1.0 
0.504166666667 1.00000704549 1.0 
0.504861111111 0.99988787923 1.0 
0.505555555556 1.00010855391 1.0 
0.50625 1.00013114318 1.0 
0.506944444444 1.00003726328 1.0 
0.507638888889 0.999850271957 1.0 
0.508333333333 1.00002040984 1.0 
0.509027777778 0.999946558598 1.0 
0.509722222222 0.99983666501 1.0 
0.510416666667 1.00004987634 1.0 
0.511111111111 1.00012260418 1.0 
0.511805555556 1.00006574847 1.0 
0.5125 1.00005863402 1.0 
0.513194444444 0.999874363138 1.0 
0.513888888889 0.999926842933 1.0 
0.514583333333 1.00008360304 1.0 
0.515277777778 1.00014654056 1.0 
0.515972222222 0.999980546293 1.0 
0.516666666667 1.00005070209 1.0 
0.517361111111 1.00001089065 1.0 
0.518055555556 1.000146164 1.0 
0.51875 0.99995292997 1.0 
0.519444444444 1.00001331808 1.0 
0.520138888889 0.999936413369 1.0 
0.520833333333 1.00012299571 1.0 
0.521527777778 0.999811519216 1.0 
0.522222222222 0.999885084387 1.0 
0.522916666667 0.999978323702 1.0 
0.523611111111 1.00004464836 1.0 
0.524305555556 1.00005534167 1.0 
0.525 1.00005911027 1.0 
0.525694444444 1.00020370169 1.0 
0.526388888889 1.00000286389 1.0 
0.527083333333 0.999981804647 1.0 
0.527777777778 1.00004078074 1.0 
0.528472222222 1.00014651441 1.0 
0.529166666667 1.00008010857 1.0 
0.529861111111 0.999924064543 1.0 
0.530555555556 1.0000125085 1.0 
0.53125 1.00000536456 1.0 
0.531944444444 1.00003090203 1.0 
0.532638888889 1.0000479983 1.0 
0.533333333333 1.00000530635 1.0 
0.534027777778 0.999991111588 1.0 
0.534722222222 1.00002338274 1.0 
0.535416666667 0.999822821854 1.0 
0.536111111111 0.999954332401 1.0 
0.536805555556 1.00008887228 1.0 
0.5375 0.999912404286 1.0 
0.538194444444 1.00021317396 1.0 
0.538888888889 1.00000256012 1.0 
0.539583333333 1.00022517782 1.0 
0.540277777778 1.00004644927 1.0 
0.540972222222 0.999884465481 1.0 
0.541666666667 0.999953399055 1.0 
0.542361111111 0.999779596378 1.0 
0.543055555556 1.00012089014 1.0 
0.54375 1.00008184881 1.0 
0.544444444444 0.999920027387 1.0 
0.545138888889 0.999929936409 1.0 
0.545833333333 1.00001340825 1.0 
0.546527777778 1.00011289354 1.0 
0.547222222222 0.999974107231 1.0 
0.547916666667 1.000044422 1.0 
0.548611111111 1.00019877736 1.0 
0.549305555556 1.00019713465 1.0 
0.55 0.99999184633 1.0 
0.550694444444 0.999987947959 1.0 
0.551388888889 1.00004178791 1.0 
0.552083333333 0.999822295867 1.0 
0.552777777778 1.00005630091 1.0 
0.553472222222 0.999848378649 1.0 
0.554166666667 1.00010526859 1.0 
0.554861111111 1.00010740069 1.0 
0.555555555556 1.00000361955 1.0 
0.55625 0.999952483011 1.0 
0.556944444444 1.0001571888 1.0 
0.557638888889 1.0000620114 1.0 
0.558333333333 0.999970616536 1.0 
0.559027777778 0.999955489017 1.0 
0.559722222222 1.0002699572 1.0 
0.560416666667 0.99996562786 1.0 
0.561111111111 1.00011805919 1.0 
0.561805555556 0.999888963326 1.0 
0.5625 1.00015480601 1.0 
0.563194444444 1.0000039428 1.0 
0.563888888889 1.00005857014 1.0 
0.564583333333 1.00007594822 1.0 
0.565277777778 0.999905004495 1.0 
0.565972222222 1.00018716916 1.0 
0.566666666667 0.999927659262 1.0 
0.567361111111 0.999967471483 1.0 
0.568055555556 0.999956515892 1.0 
0.56875 1.00003297438 1.0 
0.569444444444 1.0001412335 1.0 
0.570138888889 1.00011549333 1.0 
0.570833333333 1.00010683221 1.0 
0.571527777778 1.00003684328 1.0 
0.572222222222 1.00009094643 1.0 
0.572916666667 0.999998422076 1.0 
0.573611111111 1.00004234941 1.0 
0.574305555556 1.00006302156 1.0 
0.575 0.999972975393 1.0 
0.575694444444 1.00004099302 1.0 
0.576388888889 1.00000282545 1.0 
0.577083333333 1.00001046937 1.0 
0.577777777778 1.00021622909 1.0 
0.578472222222 1.00004637517 1.0 
0.579166666667 0.999831755512 1.0 
0.579861111111 0.999993180789 1.0 
0.580555555556 1.00000040539 1.0 
0.58125 1.00008525594 1.0 
0.581944444444 1.00013186258 1.0 
0.582638888889 1.00005903597 1.0 
0.583333333333 0.999933971191 1.0 
0.584027777778 1.00003860857 1.0 
0.584722222222 1.00010565067 1.0 
0.585416666667 0.999965413661 1.0 
0.586111111111 0.999937317479 1.0 
0.586805555556 0.999948529037 1.0 
0.5875 1.00002123217 1.0 
0.588194444444 1.00011924175 1.0 
0.588888888889 0.999895624328 1.0 
0.589583333333 1.00006818991 1.0 
0.590277777778 1.00003319964 1.0 
0.590972222222 1.00002251155 1.0 
0.591666666667 1.00010108753 1.0 
0.592361111111 1.00004792819 1.0 
0.593055555556 1.00005277051 1.0 
0.59375 0.999835892747 1.0 
0.594444444444 1.00004187337 1.0 
0.595138888889 0.999899218605 1.0 
0.595833333333 0.999907823436 1.0 
0.596527777778 1.00000138991 1.0 
0.597222222222 1.0000381518 1.0 
0.597916666667 0.999939884891 1.0 
0.598611111111 1.00000423794 1.0 
0.599305555556 1.00007017221 1.0 
