-0.6 0.999975078102 1.0 
-0.599305555556 1.00003060647 1.0 
-0.598611111111 1.00012384002 1.0 
-0.597916666667 0.999918092266 1.0 
-0.597222222222 1.0000334172 1.0 
-0.596527777778 0.999910167625 1.0 
-0.595833333333 1.00012458702 1.0 
-0.595138888889 1.00013398152 1.0 
-0.594444444444 0.999922920965 1.0 
-0.59375 0.999995573687 1.0 
-0.593055555556 0.999962101215 1.0 
-0.592361111111 0.999996636572 1.0 
-0.591666666667 1.0000023229 1.0 
-0.590972222222 1.00009296909 1.0 
-0.590277777778 0.999997725642 1.0 
-0.589583333333 0.999995607087 1.0 
-0.588888888889 1.00008910139 1.0 
-0.588194444444 1.00005232352 1.0 
-0.5875 0.999832419153 1.0 
-0.586805555556 1.00013011611 1.0 
-0.586111111111 0.999924421274 1.0 
-0.585416666667 1.00000897036 1.0 
-0.584722222222 1.00014399598 1.0 
-0.584027777778 1.00006169041 1.0 
-0.583333333333 0.999925102921 1.0 
-0.582638888889 0.999885708136 1.0 
-0.581944444444 0.999972825041 1.0 
-0.58125 0.999981743092 1.0 
-0.580555555556 1.00001389594 1.0 
-0.579861111111 1.00005085684 1.0 
-0.579166666667 1.0000020045 1.0 
-0.578472222222 1.00007422093 1.0 
-0.577777777778 0.999930618519 1.0 
-0.577083333333 1.00002429424 1.0 
-0.576388888889 0.999915037134 1.0 
-0.575694444444 1.00003026937 1.0 
-0.575 0.999858488519 1.0 
-0.574305555556 0.999849800187 1.0 
-0.573611111111 0.999795611127 1.0 
-0.572916666667 0.999953609821 1.0 
-0.572222222222 0.999887622176 1.0 
-0.571527777778 1.00003094958 1.0 
-0.570833333333 0.999893698779 1.0 
-0.570138888889 0.999978541037 1.0 
-0.569444444444 0.999811749287 1.0 
-0.56875 0.999915659212 1.0 
-0.568055555556 0.999999686282 1.0 
-0.567361111111 0.999912907744 1.0 
-0.566666666667 1.00008065907 1.0 
-0.565972222222 1.00002579144 1.0 
-0.565277777778 1.00009626458 1.0 
-0.564583333333 0.999913253721 1.0 
-0.563888888889 1.00017225558 1.0 
-0.563194444444 1.00000152641 1.0 
-0.5625 0.999906797762 1.0 
-0.561805555556 0.99992626957 1.0 
-0.561111111111 0.999990243161 1.0 
-0.560416666667 1.00000159242 1.0 
-0.559722222222 0.999962106702 1.0 
-0.559027777778 1.00009611417 1.0 
-0.558333333333 1.00008054827 1.0 
-0.557638888889 0.999769826877 1.0 
-0.556944444444 1.00000773261 1.0 
-0.55625 0.999971271373 1.0 
-0.555555555556 1.00004892205 1.0 
-0.554861111111 1.00000957908 1.0 
-0.554166666667 1.00000660396 1.0 
-0.553472222222 0.999922309009 1.0 
-0.552777777778 1.00003362045 1.0 
-0.552083333333 0.999998642023 1.0 
-0.551388888889 1.00010098377 1.0 
-0.550694444444 0.999864407524 1.0 
-0.55 1.00010330592 1.0 
-0.549305555556 0.9999977337 1.0 
-0.548611111111 1.00013082199 1.0 
-0.547916666667 1.00011665979 1.0 
-0.547222222222 1.00012047998 1.0 
-0.546527777778 0.999964730941 1.0 
-0.545833333333 0.999871142535 1.0 
-0.545138888889 1.00001932107 1.0 
-0.544444444444 0.999980256257 1.0 
-0.54375 0.999953826452 1.0 
-0.543055555556 0.999881748963 1.0 
-0.542361111111 0.999944020461 1.0 
-0.541666666667 1.00021290901 1.0 
-0.540972222222 0.9999769746 1.0 
-0.540277777778 1.00002220072 1.0 
-0.539583333333 1.00013445443 1.0 
-0.538888888889 0.999842060901 1.0 
-0.538194444444 0.999786303808 1.0 
-0.5375 1.00025703212 1.0 
-0.536805555556 0.999821983705 1.0 
-0.536111111111 1.0000592593 1.0 
-0.535416666667 0.999971253191 1.0 
-0.534722222222 1.00004713498 1.0 
-0.534027777778 0.999894690974 1.0 
-0.533333333333 1.00000368326 1.0 
-0.532638888889 1.00018984441 1.0 
-0.531944444444 0.999989312246 1.0 
-0.53125 0.999924971946 1.0 
-0.530555555556 1.00008526814 1.0 
-0.529861111111 1.00014131203 1.0 
-0.529166666667 0.999857180931 1.0 
-0.528472222222 0.9999642786 1.0 
-0.527777777778 1.0000512333 1.0 
-0.527083333333 0.999896619442 1.0 
-0.526388888889 0.999984240084 1.0 
-0.525694444444 0.999913271109 1.0 
-0.525 1.0000079659 1.0 
-0.524305555556 1.00011090602 1.0 
-0.523611111111 1.00005539632 1.0 
-0.522916666667 1.00006845602 1.0 
-0.522222222222 0.999956510674 1.0 
-0.521527777778 0.999942804529 1.0 
-0.520833333333 1.00013212428 1.0 
-0.520138888889 0.999913127248 1.0 
-0.519444444444 1.00017072591 1.0 
-0.51875 0.999943402746 1.0 
-0.518055555556 0.999837883486 1.0 
-0.517361111111 1.000149886 1.0 
-0.516666666667 1.00006912987 1.0 
-0.515972222222 0.999899729996 1.0 
-0.515277777778 1.00006114452 1.0 
-0.514583333333 0.999882992376 1.0 
-0.513888888889 0.999941099981 1.0 
-0.513194444444 0.99995580168 1.0 
-0.5125 1.00002887817 1.0 
-0.511805555556 1.00004520006 1.0 
-0.511111111111 0.999921870204 1.0 
-0.510416666667 1.00009405151 1.0 
-0.509722222222 0.999916140378 1.0 
-0.509027777778 1.00002879548 1.0 
-0.508333333333 0.999767933501 1.0 
-0.507638888889 0.999940633158 1.0 
-0.506944444444 0.999939585843 1.0 
-0.50625 0.99982778531 1.0 
-0.505555555556 0.999909101232 1.0 
-0.504861111111 0.999988377842 1.0 
-0.504166666667 0.999980138176 1.0 
-0.503472222222 0.999887832628 1.0 
-0.502777777778 1.00006374073 1.0 
-0.502083333333 0.999871566623 1.0 
-0.501388888889 0.999918759425 1.0 
-0.500694444444 0.999853982076 1.0 
-0.5 1.00000759066 1.0 
-0.499305555556 0.999968779663 1.0 
-0.498611111111 0.999913494415 1.0 
-0.497916666667 0.999917764667 1.0 
-0.497222222222 1.00005327737 1.0 
-0.496527777778 1.00004079149 1.0 
-0.495833333333 1.00018808458 1.0 
-0.495138888889 1.00013412255 1.0 
-0.494444444444 1.00004491068 1.0 
-0.49375 1.0000254573 1.0 
-0.493055555556 1.00026687078 1.0 
-0.492361111111 0.999941947593 1.0 
-0.491666666667 1.00003816083 1.0 
-0.490972222222 0.99998176642 1.0 
-0.490277777778 0.999877036401 1.0 
-0.489583333333 0.999837321081 1.0 
-0.488888888889 1.00004889334 1.0 
-0.488194444444 0.999901010702 1.0 
-0.4875 1.00005857013 1.0 
-0.486805555556 1.0001028257 1.0 
-0.486111111111 0.999892160365 1.0 
-0.485416666667 1.00010997288 1.0 
-0.484722222222 1.00001463012 1.0 
-0.484027777778 1.00000220967 1.0 
-0.483333333333 1.000194946 1.0 
-0.482638888889 0.999813995948 1.0 
-0.481944444444 0.999946555333 1.0 
-0.48125 1.00016817517 1.0 
-0.480555555556 1.00003709625 1.0 
-0.479861111111 1.00015493505 1.0 
-0.479166666667 1.00012092307 1.0 
-0.478472222222 0.999971258924 1.0 
-0.477777777778 1.00010680055 1.0 
-0.477083333333 1.00001956488 1.0 
-0.476388888889 0.999852427991 1.0 
-0.475694444444 1.00001655858 1.0 
-0.475 1.00019780369 1.0 
-0.474305555556 0.999832246078 1.0 
-0.473611111111 1.00007539374 1.0 
-0.472916666667 0.999987567321 1.0 
-0.472222222222 0.999926499491 1.0 
-0.471527777778 1.00011791023 1.0 
-0.470833333333 0.999969868566 1.0 
-0.470138888889 1.00010700235 1.0 
-0.469444444444 0.999993588684 1.0 
-0.46875 1.00014129191 1.0 
-0.468055555556 0.999965351191 1.0 
-0.467361111111 1.00008501535 1.0 
-0.466666666667 1.00006111352 1.0 
-0.465972222222 0.999955886825 1.0 
-0.465277777778 1.00008205265 1.0 
-0.464583333333 0.999837925776 1.0 
-0.463888888889 1.0000346667 1.0 
-0.463194444444 1.00004136701 1.0 
-0.4625 1.00011128758 1.0 
-0.461805555556 0.99999803197 1.0 
-0.461111111111 1.00002145129 1.0 
-0.460416666667 1.00008942047 1.0 
-0.459722222222 1.00003760836 1.0 
-0.459027777778 0.999953795357 1.0 
-0.458333333333 1.00004842626 1.0 
-0.457638888889 1.00008154689 1.0 
-0.456944444444 0.999969274489 1.0 
-0.45625 0.999984990609 1.0 
-0.455555555556 1.00008935691 1.0 
-0.454861111111 1.00025288493 1.0 
-0.454166666667 0.99999325607 1.0 
-0.453472222222 1.00011835686 1.0 
-0.452777777778 1.00002794178 1.0 
-0.452083333333 1.00010836651 1.0 
-0.451388888889 0.99997714392 1.0 
-0.450694444444 1.00007028008 1.0 
-0.45 1.00010424328 1.0 
-0.449305555556 1.00012360396 1.0 
-0.448611111111 0.999945100254 1.0 
-0.447916666667 0.999909628622 1.0 
-0.447222222222 1.00023923377 1.0 
-0.446527777778 0.999946170658 1.0 
-0.445833333333 0.99995320503 1.0 
-0.445138888889 0.999929419307 1.0 
-0.444444444444 1.00003092577 1.0 
-0.44375 0.999946074605 1.0 
-0.443055555556 0.999870220131 1.0 
-0.442361111111 1.00006972692 1.0 
-0.441666666667 1.00004181128 1.0 
-0.440972222222 0.999833224963 1.0 
-0.440277777778 0.999945674121 1.0 
-0.439583333333 0.999842841673 1.0 
-0.438888888889 1.00009252081 1.0 
-0.438194444444 0.999984285828 1.0 
-0.4375 0.999810082448 1.0 
-0.436805555556 0.999979801556 1.0 
-0.436111111111 1.00009489859 1.0 
-0.435416666667 0.99988821763 1.0 
-0.434722222222 1.00018287622 1.0 
-0.434027777778 1.00000113202 1.0 
-0.433333333333 0.999952097385 1.0 
-0.432638888889 1.00002213258 1.0 
-0.431944444444 1.0000670878 1.0 
-0.43125 1.00006057193 1.0 
-0.430555555556 1.00014880055 1.0 
-0.429861111111 1.0002013244 1.0 
-0.429166666667 1.00007393953 1.0 
-0.428472222222 0.999949073748 1.0 
-0.427777777778 1.00004039545 1.0 
-0.427083333333 1.00007582189 1.0 
-0.426388888889 1.00001873998 1.0 
-0.425694444444 1.00002344063 1.0 
-0.425 0.999886636279 1.0 
-0.424305555556 1.0000360151 1.0 
-0.423611111111 0.999994723769 1.0 
-0.422916666667 1.00004237858 1.0 
-0.422222222222 1.00001456571 1.0 
-0.421527777778 1.00001177489 1.0 
-0.420833333333 0.999998547009 1.0 
-0.420138888889 0.999975562115 1.0 
-0.419444444444 1.00005823237 1.0 
-0.41875 1.00011104838 1.0 
-0.418055555556 1.0000324595 1.0 
-0.417361111111 1.00018555924 1.0 
-0.416666666667 0.999951107639 1.0 
-0.415972222222 0.999937476623 1.0 
-0.415277777778 0.999963400778 1.0 
-0.414583333333 0.999979397114 1.0 
-0.413888888889 0.999849716654 1.0 
-0.413194444444 1.00018359609 1.0 
-0.4125 1.00005127097 1.0 
-0.411805555556 1.00012040897 1.0 
-0.411111111111 0.999874902972 1.0 
-0.410416666667 1.00004467628 1.0 
-0.409722222222 1.00000741614 1.0 
-0.409027777778 1.00001263083 1.0 
-0.408333333333 0.999930977232 1.0 
-0.407638888889 0.999967890781 1.0 
-0.406944444444 0.999974391826 1.0 
-0.40625 0.999978928015 1.0 
-0.405555555556 0.999972902617 1.0 
-0.404861111111 1.00007579015 1.0 
-0.404166666667 1.00007629877 1.0 
-0.403472222222 0.999890977188 1.0 
-0.402777777778 0.999942909353 1.0 
-0.402083333333 1.0000503176 1.0 
-0.401388888889 1.00023696212 1.0 
-0.400694444444 1.00000209963 1.0 
-0.4 1.0001901718 1.0 
-0.399305555556 0.999947564246 1.0 
-0.398611111111 1.00008050428 1.0 
-0.397916666667 1.00002469805 1.0 
-0.397222222222 0.999854396499 1.0 
-0.396527777778 1.00004265128 1.0 
-0.395833333333 1.00009278691 1.0 
-0.395138888889 0.999899936769 1.0 
-0.394444444444 1.00012098508 1.0 
-0.39375 0.999980488732 1.0 
-0.393055555556 1.00014158613 1.0 
-0.392361111111 1.00013478106 1.0 
-0.391666666667 1.00015781919 1.0 
-0.390972222222 1.00011047828 1.0 
-0.390277777778 1.0000556728 1.0 
-0.389583333333 1.00024259606 1.0 
-0.388888888889 0.999899637114 1.0 
-0.388194444444 1.00012530494 1.0 
-0.3875 1.0000078537 1.0 
-0.386805555556 0.999934706249 1.0 
-0.386111111111 1.00011048856 1.0 
-0.385416666667 1.00000405117 1.0 
-0.384722222222 1.0000548037 1.0 
-0.384027777778 1.00002166913 1.0 
-0.383333333333 1.00008467203 1.0 
-0.382638888889 0.999937076374 1.0 
-0.381944444444 1.00008266991 1.0 
-0.38125 0.999932784844 1.0 
-0.380555555556 1.00015173226 1.0 
-0.379861111111 1.00006224557 1.0 
-0.379166666667 1.00017713306 1.0 
-0.378472222222 1.00008639671 1.0 
-0.377777777778 1.0001504237 1.0 
-0.377083333333 1.00006423579 1.0 
-0.376388888889 0.99995785623 1.0 
-0.375694444444 0.99992152272 1.0 
-0.375 1.00018122531 1.0 
-0.374305555556 1.00012969827 1.0 
-0.373611111111 1.00004760969 1.0 
-0.372916666667 0.999980579765 1.0 
-0.372222222222 1.00019278309 1.0 
-0.371527777778 1.00013618804 1.0 
-0.370833333333 1.00004674671 1.0 
-0.370138888889 1.00015303578 1.0 
-0.369444444444 1.00011747948 1.0 
-0.36875 0.999990677622 1.0 
-0.368055555556 1.00010677699 1.0 
-0.367361111111 0.999973294012 1.0 
-0.366666666667 1.00010291578 1.0 
-0.365972222222 1.00009254204 1.0 
-0.365277777778 0.999962498022 1.0 
-0.364583333333 1.00010882211 1.0 
-0.363888888889 1.0002677144 1.0 
-0.363194444444 0.999861304195 1.0 
-0.3625 0.999795146634 1.0 
-0.361805555556 1.00001739798 1.0 
-0.361111111111 1.00003240953 1.0 
-0.360416666667 1.00015715493 1.0 
-0.359722222222 1.00021639138 1.0 
-0.359027777778 0.999909009412 1.0 
-0.358333333333 0.999998579802 1.0 
-0.357638888889 1.00006059395 1.0 
-0.356944444444 1.00000391643 1.0 
-0.35625 1.00009303569 1.0 
-0.355555555556 1.00001053178 1.0 
-0.354861111111 1.00009403522 1.0 
-0.354166666667 1.00010237823 1.0 
-0.353472222222 1.00002961628 1.0 
-0.352777777778 1.00019703652 1.0 
-0.352083333333 1.0000689959 1.0 
-0.351388888889 0.999847304086 1.0 
-0.350694444444 1.00007917072 1.0 
-0.35 1.00000979243 1.0 
-0.349305555556 0.999985386545 1.0 
-0.348611111111 1.00022339978 1.0 
-0.347916666667 1.00016088452 1.0 
-0.347222222222 1.00012787526 1.0 
-0.346527777778 1.00000230238 1.0 
-0.345833333333 0.99999451422 1.0 
-0.345138888889 1.00008667165 1.0 
-0.344444444444 0.999945159022 1.0 
-0.34375 1.00010656975 1.0 
-0.343055555556 0.999939642363 1.0 
-0.342361111111 1.0001156814 1.0 
-0.341666666667 1.00018427069 1.0 
-0.340972222222 0.999986787152 1.0 
-0.340277777778 1.00006691655 1.0 
-0.339583333333 1.00011672282 1.0 
-0.338888888889 1.00000400357 1.0 
-0.338194444444 1.00009812021 1.0 
-0.3375 0.999991732543 1.0 
-0.336805555556 1.00007457666 1.0 
-0.336111111111 1.00005147737 1.0 
-0.335416666667 0.999960794012 1.0 
-0.334722222222 0.9999475082 1.0 
-0.334027777778 1.00014361533 1.0 
-0.333333333333 0.999898511996 1.0 
-0.332638888889 1.00015940166 1.0 
-0.331944444444 1.00009238677 1.0 
-0.33125 0.999954472268 1.0 
-0.330555555556 1.00012299952 1.0 
-0.329861111111 1.00000478134 1.0 
-0.329166666667 0.999952349913 1.0 
-0.328472222222 1.00024693117 1.0 
-0.327777777778 1.00002020299 1.0 
-0.327083333333 1.00005234635 1.0 
-0.326388888889 1.00018337036 1.0 
-0.325694444444 1.00009155157 1.0 
-0.325 1.00005444975 1.0 
-0.324305555556 0.999997066877 1.0 
-0.323611111111 1.00005690287 1.0 
-0.322916666667 0.99991381353 1.0 
-0.322222222222 1.0000464488 1.0 
-0.321527777778 0.999978511741 1.0 
-0.320833333333 1.00003820401 1.0 
-0.320138888889 1.00005385821 1.0 
-0.319444444444 1.00006851684 1.0 
-0.31875 1.00006269764 1.0 
-0.318055555556 1.00005570521 1.0 
-0.317361111111 1.00001802136 1.0 
-0.316666666667 1.00006592177 1.0 
-0.315972222222 1.0000100711 1.0 
-0.315277777778 0.999960240767 1.0 
-0.314583333333 0.999814772534 1.0 
-0.313888888889 1.00012867726 1.0 
-0.313194444444 1.00015773602 1.0 
-0.3125 1.00008893228 1.0 
-0.311805555556 1.00016429274 1.0 
-0.311111111111 1.00004533434 1.0 
-0.310416666667 1.00011911721 1.0 
-0.309722222222 1.00020589428 1.0 
-0.309027777778 1.0000640128 1.0 
-0.308333333333 1.00021231378 1.0 
-0.307638888889 1.00003889025 1.0 
-0.306944444444 1.00016391334 1.0 
-0.30625 1.00014732124 1.0 
-0.305555555556 0.999982173599 1.0 
-0.304861111111 1.00007683763 1.0 
-0.304166666667 1.00002641511 1.0 
-0.303472222222 0.999952648601 1.0 
-0.302777777778 0.999917695009 1.0 
-0.302083333333 1.00002572504 1.0 
-0.301388888889 0.999912612771 1.0 
-0.300694444444 1.00006666412 1.0 
-0.3 1.00006643949 1.0 
-0.299305555556 1.00013904287 1.0 
-0.298611111111 1.00010456771 1.0 
-0.297916666667 1.00016733929 1.0 
-0.297222222222 1.00006665345 1.0 
-0.296527777778 1.00009067061 1.0 
-0.295833333333 1.00015585003 1.0 
-0.295138888889 0.999974202122 1.0 
-0.294444444444 1.00007362434 1.0 
-0.29375 1.00008430368 1.0 
-0.293055555556 1.00024163818 1.0 
-0.292361111111 1.00000748132 1.0 
-0.291666666667 0.999777737436 1.0 
-0.290972222222 1.00004729245 1.0 
-0.290277777778 1.00022764405 1.0 
-0.289583333333 0.999987927046 1.0 
-0.288888888889 1.00006243967 1.0 
-0.288194444444 1.00009893382 1.0 
-0.2875 1.00015943336 1.0 
-0.286805555556 1.00015766234 1.0 
-0.286111111111 1.00028258409 1.0 
-0.285416666667 1.00009622583 1.0 
-0.284722222222 0.999966583017 1.0 
-0.284027777778 1.00005839987 1.0 
-0.283333333333 1.00002019951 1.0 
-0.282638888889 0.999830586347 1.0 
-0.281944444444 0.999844657548 1.0 
-0.28125 0.99997826807 1.0 
-0.280555555556 0.999742334619 1.0 
-0.279861111111 0.999886207361 1.0 
-0.279166666667 0.999568364472 1.0 
-0.278472222222 0.999743721483 1.0 
-0.277777777778 0.999540275825 1.0 
-0.277083333333 0.999474569601 1.0 
-0.276388888889 0.999643247143 1.0 
-0.275694444444 0.999436128206 1.0 
-0.275 0.999296405793 1.0 
-0.274305555556 0.999239275249 1.0 
-0.273611111111 0.999165465911 1.0 
-0.272916666667 0.99910808128 1.0 
-0.272222222222 0.999140495244 1.0 
-0.271527777778 0.998945250881 1.0 
-0.270833333333 0.99887648756 1.0 
-0.270138888889 0.998546769891 1.0 
-0.269444444444 0.998701305882 1.0 
-0.26875 0.998332140546 1.0 
-0.268055555556 0.998461988888 1.0 
-0.267361111111 0.99854437367 1.0 
-0.266666666667 0.998373569818 1.0 
-0.265972222222 0.998174309008 1.0 
-0.265277777778 0.998255851523 1.0 
-0.264583333333 0.997990258651 1.0 
-0.263888888889 0.998003655584 1.0 
-0.263194444444 0.99782097528 1.0 
-0.2625 0.997749802447 1.0 
-0.261805555556 0.997538276023 1.0 
-0.261111111111 0.997577102074 1.0 
-0.260416666667 0.997411019457 1.0 
-0.259722222222 0.997194993953 1.0 
-0.259027777778 0.997168580957 1.0 
-0.258333333333 0.997056483943 1.0 
-0.257638888889 0.997184283681 1.0 
-0.256944444444 0.99694212348 1.0 
-0.25625 0.996836926397 1.0 
-0.255555555556 0.996758864979 1.0 
-0.254861111111 0.996529226728 1.0 
-0.254166666667 0.996380462154 1.0 
-0.253472222222 0.996319659504 1.0 
-0.252777777778 0.996176671166 1.0 
-0.252083333333 0.996134302956 1.0 
-0.251388888889 0.996041241818 1.0 
-0.250694444444 0.995924308692 1.0 
-0.25 0.995642553375 1.0 
-0.249305555556 0.995559428579 1.0 
-0.248611111111 0.995377800161 1.0 
-0.247916666667 0.995443740226 1.0 
-0.247222222222 0.995241745908 1.0 
-0.246527777778 0.99524804962 1.0 
-0.245833333333 0.994955646823 1.0 
-0.245138888889 0.995018562103 1.0 
-0.244444444444 0.994918017908 1.0 
-0.24375 0.994687120794 1.0 
-0.243055555556 0.994518009192 1.0 
-0.242361111111 0.994530733243 1.0 
-0.241666666667 0.994359584932 1.0 
-0.240972222222 0.994359159807 1.0 
-0.240277777778 0.994170075238 1.0 
-0.239583333333 0.99417742547 1.0 
-0.238888888889 0.994003316204 1.0 
-0.238194444444 0.993844815463 1.0 
-0.2375 0.993720395672 1.0 
-0.236805555556 0.993449909648 1.0 
-0.236111111111 0.993664329751 1.0 
-0.235416666667 0.993420838585 1.0 
-0.234722222222 0.993419103167 1.0 
-0.234027777778 0.993275843101 1.0 
-0.233333333333 0.993226532618 1.0 
-0.232638888889 0.992914901499 1.0 
-0.231944444444 0.992985397775 1.0 
-0.23125 0.992691943886 1.0 
-0.230555555556 0.992581848442 1.0 
-0.229861111111 0.992753126212 1.0 
-0.229166666667 0.992591218753 1.0 
-0.228472222222 0.992478574496 1.0 
-0.227777777778 0.992338884195 1.0 
-0.227083333333 0.992213278191 1.0 
-0.226388888889 0.991917367569 1.0 
-0.225694444444 0.992044467772 1.0 
-0.225 0.991771973644 1.0 
-0.224305555556 0.991932412921 1.0 
-0.223611111111 0.991667298742 1.0 
-0.222916666667 0.991566722023 1.0 
-0.222222222222 0.991776023356 1.0 
-0.221527777778 0.991622062134 1.0 
-0.220833333333 0.991540196922 1.0 
-0.220138888889 0.991345270475 1.0 
-0.219444444444 0.991513884734 1.0 
-0.21875 0.991431187952 1.0 
-0.218055555556 0.991292221792 1.0 
-0.217361111111 0.99130828992 1.0 
-0.216666666667 0.991144570837 1.0 
-0.215972222222 0.99130184808 1.0 
-0.215277777778 0.991209461481 1.0 
-0.214583333333 0.991327453105 1.0 
-0.213888888889 0.991121081645 1.0 
-0.213194444444 0.991082022926 1.0 
-0.2125 0.991187422593 1.0 
-0.211805555556 0.991148896588 1.0 
-0.211111111111 0.990946011432 1.0 
-0.210416666667 0.991154058678 1.0 
-0.209722222222 0.990799686607 1.0 
-0.209027777778 0.991192723887 1.0 
-0.208333333333 0.990993597116 1.0 
-0.207638888889 0.990846833335 1.0 
-0.206944444444 0.991068462944 1.0 
-0.20625 0.990992982639 1.0 
-0.205555555556 0.990798773049 1.0 
-0.204861111111 0.990891682114 1.0 
-0.204166666667 0.990848120941 1.0 
-0.203472222222 0.990843192339 1.0 
-0.202777777778 0.990951879484 1.0 
-0.202083333333 0.990790921536 1.0 
-0.201388888889 0.990742332526 1.0 
-0.200694444444 0.990534637353 1.0 
-0.2 0.990725837988 1.0 
-0.199305555556 0.990537786166 1.0 
-0.198611111111 0.990677034119 1.0 
-0.197916666667 0.990483140941 1.0 
-0.197222222222 0.990668461446 1.0 
-0.196527777778 0.99049879912 1.0 
-0.195833333333 0.990428560805 1.0 
-0.195138888889 0.990439816343 1.0 
-0.194444444444 0.990510174192 1.0 
-0.19375 0.990446197769 1.0 
-0.193055555556 0.99049491498 1.0 
-0.192361111111 0.990770570871 1.0 
-0.191666666667 0.990420272146 1.0 
-0.190972222222 0.990417723349 1.0 
-0.190277777778 0.990584097647 1.0 
-0.189583333333 0.9904926063 1.0 
-0.188888888889 0.990354118067 1.0 
-0.188194444444 0.990423875068 1.0 
-0.1875 0.990372633092 1.0 
-0.186805555556 0.99049616458 1.0 
-0.186111111111 0.990392695829 1.0 
-0.185416666667 0.990488654243 1.0 
-0.184722222222 0.99021158034 1.0 
-0.184027777778 0.990278021605 1.0 
-0.183333333333 0.99033530074 1.0 
-0.182638888889 0.99028925881 1.0 
-0.181944444444 0.990431537746 1.0 
-0.18125 0.990409238332 1.0 
-0.180555555556 0.990397242072 1.0 
-0.179861111111 0.990213269857 1.0 
-0.179166666667 0.990111241342 1.0 
-0.178472222222 0.990032547827 1.0 
-0.177777777778 0.990069068452 1.0 
-0.177083333333 0.989918726541 1.0 
-0.176388888889 0.990303828887 1.0 
-0.175694444444 0.989888864799 1.0 
-0.175 0.990137517725 1.0 
-0.174305555556 0.990370850319 1.0 
-0.173611111111 0.989859829433 1.0 
-0.172916666667 0.989995153221 1.0 
-0.172222222222 0.990025594909 1.0 
-0.171527777778 0.990032901816 1.0 
-0.170833333333 0.990135274377 1.0 
-0.170138888889 0.99023262382 1.0 
-0.169444444444 0.990141850632 1.0 
-0.16875 0.990034819742 1.0 
-0.168055555556 0.989918375895 1.0 
-0.167361111111 0.990029871219 1.0 
-0.166666666667 0.990118066323 1.0 
-0.165972222222 0.989926981155 1.0 
-0.165277777778 0.989930458055 1.0 
-0.164583333333 0.990002609029 1.0 
-0.163888888889 0.990003194143 1.0 
-0.163194444444 0.989882466846 1.0 
-0.1625 0.990007916028 1.0 
-0.161805555556 0.989857938843 1.0 
-0.161111111111 0.989811428329 1.0 
-0.160416666667 0.990044944057 1.0 
-0.159722222222 0.989806803267 1.0 
-0.159027777778 0.98994916188 1.0 
-0.158333333333 0.989878079192 1.0 
-0.157638888889 0.989863250307 1.0 
-0.156944444444 0.989830680084 1.0 
-0.15625 0.989897085954 1.0 
-0.155555555556 0.989865457769 1.0 
-0.154861111111 0.989864222149 1.0 
-0.154166666667 0.989709284724 1.0 
-0.153472222222 0.989701330712 1.0 
-0.152777777778 0.989743915267 1.0 
-0.152083333333 0.989806585633 1.0 
-0.151388888889 0.989789961324 1.0 
-0.150694444444 0.989635495746 1.0 
-0.15 0.989779213362 1.0 
-0.149305555556 0.989702520452 1.0 
-0.148611111111 0.989629056224 1.0 
-0.147916666667 0.98982762694 1.0 
-0.147222222222 0.989684398826 1.0 
-0.146527777778 0.989658662125 1.0 
-0.145833333333 0.989711052026 1.0 
-0.145138888889 0.98977591472 1.0 
-0.144444444444 0.989502236132 1.0 
-0.14375 0.989524552635 1.0 
-0.143055555556 0.989381848036 1.0 
-0.142361111111 0.989615561301 1.0 
-0.141666666667 0.989714929244 1.0 
-0.140972222222 0.989651464972 1.0 
-0.140277777778 0.989629885274 1.0 
-0.139583333333 0.989537017167 1.0 
-0.138888888889 0.989480307795 1.0 
-0.138194444444 0.989696608198 1.0 
-0.1375 0.989511965635 1.0 
-0.136805555556 0.98958443758 1.0 
-0.136111111111 0.989525997901 1.0 
-0.135416666667 0.989397926352 1.0 
-0.134722222222 0.989482809293 1.0 
-0.134027777778 0.98949490092 1.0 
-0.133333333333 0.989704403957 1.0 
-0.132638888889 0.989477738206 1.0 
-0.131944444444 0.989276869662 1.0 
-0.13125 0.989587681562 1.0 
-0.130555555556 0.989542133488 1.0 
-0.129861111111 0.989369527635 1.0 
-0.129166666667 0.989310658429 1.0 
-0.128472222222 0.989346581335 1.0 
-0.127777777778 0.989390692627 1.0 
-0.127083333333 0.989477267513 1.0 
-0.126388888889 0.989155278832 1.0 
-0.125694444444 0.989529002714 1.0 
-0.125 0.989425328833 1.0 
-0.124305555556 0.989477104409 1.0 
-0.123611111111 0.989519516848 1.0 
-0.122916666667 0.989279955142 1.0 
-0.122222222222 0.989396841636 1.0 
-0.121527777778 0.989449054065 1.0 
-0.120833333333 0.989332223544 1.0 
-0.120138888889 0.989177434059 1.0 
-0.119444444444 0.989380679349 1.0 
-0.11875 0.989393037589 1.0 
-0.118055555556 0.98933253832 1.0 
-0.117361111111 0.989328054912 1.0 
-0.116666666667 0.989203904812 1.0 
-0.115972222222 0.989256676842 1.0 
-0.115277777778 0.98939561367 1.0 
-0.114583333333 0.989279051239 1.0 
-0.113888888889 0.98924021546 1.0 
-0.113194444444 0.989309216046 1.0 
-0.1125 0.989254198031 1.0 
-0.111805555556 0.989277627812 1.0 
-0.111111111111 0.989287425812 1.0 
-0.110416666667 0.989196845175 1.0 
-0.109722222222 0.989375327289 1.0 
-0.109027777778 0.98916483548 1.0 
-0.108333333333 0.989072951301 1.0 
-0.107638888889 0.989425895191 1.0 
-0.106944444444 0.989074809953 1.0 
-0.10625 0.989209723483 1.0 
-0.105555555556 0.989234866415 1.0 
-0.104861111111 0.98923989979 1.0 
-0.104166666667 0.98915916213 1.0 
-0.103472222222 0.989311147096 1.0 
-0.102777777778 0.989400582471 1.0 
-0.102083333333 0.989143403626 1.0 
-0.101388888889 0.989118988226 1.0 
-0.100694444444 0.989246020406 1.0 
-0.1 0.989210984202 1.0 
-0.0993055555556 0.989276683713 1.0 
-0.0986111111111 0.988956330386 1.0 
-0.0979166666667 0.989171383077 1.0 
-0.0972222222222 0.989045701487 1.0 
-0.0965277777778 0.989281724508 1.0 
-0.0958333333333 0.989095785105 1.0 
-0.0951388888889 0.989171295343 1.0 
-0.0944444444444 0.989291010621 1.0 
-0.09375 0.989009532229 1.0 
-0.0930555555556 0.989198664482 1.0 
-0.0923611111111 0.989124665051 1.0 
-0.0916666666667 0.989214846468 1.0 
-0.0909722222222 0.989121772639 1.0 
-0.0902777777778 0.989207802809 1.0 
-0.0895833333333 0.989067943934 1.0 
-0.0888888888889 0.989108376319 1.0 
-0.0881944444444 0.989169331018 1.0 
-0.0875 0.989164968105 1.0 
-0.0868055555556 0.98891546176 1.0 
-0.0861111111111 0.989194283128 1.0 
-0.0854166666667 0.989261334037 1.0 
-0.0847222222222 0.989147313137 1.0 
-0.0840277777778 0.989173852897 1.0 
-0.0833333333333 0.989015495105 1.0 
-0.0826388888889 0.989249444298 1.0 
-0.0819444444444 0.989168288534 1.0 
-0.08125 0.989209648363 1.0 
-0.0805555555556 0.989080595041 1.0 
-0.0798611111111 0.989074135503 1.0 
-0.0791666666667 0.989056493723 1.0 
-0.0784722222222 0.989052575518 1.0 
-0.0777777777778 0.989083867361 1.0 
-0.0770833333333 0.989143677178 1.0 
-0.0763888888889 0.989154282178 1.0 
-0.0756944444444 0.989188107945 1.0 
-0.075 0.989120506186 1.0 
-0.0743055555556 0.989047457707 1.0 
-0.0736111111111 0.989159175959 1.0 
-0.0729166666667 0.9891694843 1.0 
-0.0722222222222 0.989190150803 1.0 
-0.0715277777778 0.988990951688 1.0 
-0.0708333333333 0.989203074384 1.0 
-0.0701388888889 0.989070844668 1.0 
-0.0694444444444 0.988825911954 1.0 
-0.06875 0.988827408486 1.0 
-0.0680555555556 0.989246002755 1.0 
-0.0673611111111 0.988932830936 1.0 
-0.0666666666667 0.989096706621 1.0 
-0.0659722222222 0.988917523236 1.0 
-0.0652777777778 0.989125150365 1.0 
-0.0645833333333 0.988840597581 1.0 
-0.0638888888889 0.989095479247 1.0 
-0.0631944444444 0.989307009962 1.0 
-0.0625 0.988993680832 1.0 
-0.0618055555556 0.989055991609 1.0 
-0.0611111111111 0.988984045659 1.0 
-0.0604166666667 0.989164907252 1.0 
-0.0597222222222 0.989204230055 1.0 
-0.0590277777778 0.98899235927 1.0 
-0.0583333333333 0.989032822793 1.0 
-0.0576388888889 0.988715255572 1.0 
-0.0569444444444 0.988956307293 1.0 
-0.05625 0.989056131294 1.0 
-0.0555555555556 0.989102023779 1.0 
-0.0548611111111 0.989151904163 1.0 
-0.0541666666667 0.989058083107 1.0 
-0.0534722222222 0.988984399029 1.0 
-0.0527777777778 0.98892874366 1.0 
-0.0520833333333 0.989014040728 1.0 
-0.0513888888889 0.988955168446 1.0 
-0.0506944444444 0.988823238479 1.0 
-0.05 0.988834339038 1.0 
-0.0493055555556 0.989013922828 1.0 
-0.0486111111111 0.989088299233 1.0 
-0.0479166666667 0.988952243337 1.0 
-0.0472222222222 0.98903910411 1.0 
-0.0465277777778 0.988764232558 1.0 
-0.0458333333333 0.988827684202 1.0 
-0.0451388888889 0.98886385692 1.0 
-0.0444444444444 0.988980841154 1.0 
-0.04375 0.988831209251 1.0 
-0.0430555555556 0.988824376471 1.0 
-0.0423611111111 0.988707298509 1.0 
-0.0416666666667 0.988893947843 1.0 
-0.0409722222222 0.988941082114 1.0 
-0.0402777777778 0.989018945802 1.0 
-0.0395833333333 0.98911184411 1.0 
-0.0388888888889 0.988766798298 1.0 
-0.0381944444444 0.989178344994 1.0 
-0.0375 0.989067727524 1.0 
-0.0368055555556 0.988979459526 1.0 
-0.0361111111111 0.989008528773 1.0 
-0.0354166666667 0.988997974098 1.0 
-0.0347222222222 0.989026149367 1.0 
-0.0340277777778 0.989094048933 1.0 
-0.0333333333333 0.988744105295 1.0 
-0.0326388888889 0.988970999934 1.0 
-0.0319444444444 0.98901694422 1.0 
-0.03125 0.988848891647 1.0 
-0.0305555555556 0.988799151575 1.0 
-0.0298611111111 0.988962544064 1.0 
-0.0291666666667 0.988843635791 1.0 
-0.0284722222222 0.989014454544 1.0 
-0.0277777777778 0.988955575866 1.0 
-0.0270833333333 0.989205858605 1.0 
-0.0263888888889 0.988983815362 1.0 
-0.0256944444444 0.989066405336 1.0 
-0.025 0.988823949613 1.0 
-0.0243055555556 0.988987116142 1.0 
-0.0236111111111 0.988934822708 1.0 
-0.0229166666667 0.989011735764 1.0 
-0.0222222222222 0.98882518581 1.0 
-0.0215277777778 0.989056817434 1.0 
-0.0208333333333 0.988865057941 1.0 
-0.0201388888889 0.98880935802 1.0 
-0.0194444444444 0.988906580796 1.0 
-0.01875 0.988888986347 1.0 
-0.0180555555556 0.988999345259 1.0 
-0.0173611111111 0.989074363057 1.0 
-0.0166666666667 0.988925023855 1.0 
-0.0159722222222 0.98895574518 1.0 
-0.0152777777778 0.988858087105 1.0 
-0.0145833333333 0.988916682512 1.0 
-0.0138888888889 0.988932660255 1.0 
-0.0131944444444 0.98885199742 1.0 
-0.0125 0.988901851942 1.0 
-0.0118055555556 0.988785239981 1.0 
-0.0111111111111 0.989070863624 1.0 
-0.0104166666667 0.988751054315 1.0 
-0.00972222222222 0.988721767921 1.0 
-0.00902777777778 0.988828462263 1.0 
-0.00833333333334 0.98892686759 1.0 
-0.00763888888889 0.988924639937 1.0 
-0.00694444444445 0.988874921314 1.0 
-0.00625 0.989013486047 1.0 
-0.00555555555556 0.988807368314 1.0 
-0.00486111111111 0.989067638251 1.0 
-0.00416666666667 0.988905218972 1.0 
-0.00347222222222 0.98887135376 1.0 
-0.00277777777778 0.988780868243 1.0 
-0.00208333333334 0.988892337179 1.0 
-0.00138888888889 0.988990545013 1.0 
-0.000694444444447 0.988751742675 1.0 
-2.10942374679e-15 0.988895019327 1.0 
0.000694444444442 0.988727197969 1.0 
0.00138888888889 0.988846935222 1.0 
0.00208333333333 0.988861468125 1.0 
0.00277777777778 0.988892021596 1.0 
0.00347222222222 0.988751089839 1.0 
0.00416666666666 0.989109234704 1.0 
0.00486111111111 0.988861758716 1.0 
0.00555555555555 0.98896871705 1.0 
0.00625 0.988867982484 1.0 
0.00694444444444 0.98893985385 1.0 
0.00763888888889 0.988856589944 1.0 
0.00833333333333 0.988900338056 1.0 
0.00902777777778 0.988728530941 1.0 
0.00972222222222 0.988825698779 1.0 
0.0104166666667 0.988902511263 1.0 
0.0111111111111 0.988685625096 1.0 
0.0118055555556 0.988803573795 1.0 
0.0125 0.988853083501 1.0 
0.0131944444444 0.988882035736 1.0 
0.0138888888889 0.988881424313 1.0 
0.0145833333333 0.988889964937 1.0 
0.0152777777778 0.988734733621 1.0 
0.0159722222222 0.988882295235 1.0 
0.0166666666667 0.988878966637 1.0 
0.0173611111111 0.988788069329 1.0 
0.0180555555556 0.988999773333 1.0 
0.01875 0.988763844111 1.0 
0.0194444444444 0.988879793499 1.0 
0.0201388888889 0.988901755214 1.0 
0.0208333333333 0.988774193477 1.0 
0.0215277777778 0.988836625744 1.0 
0.0222222222222 0.988821307056 1.0 
0.0229166666667 0.988882612805 1.0 
0.0236111111111 0.988917416671 1.0 
0.0243055555556 0.988787627865 1.0 
0.025 0.988814333912 1.0 
0.0256944444444 0.988828409942 1.0 
0.0263888888889 0.98885370569 1.0 
0.0270833333333 0.988938822771 1.0 
0.0277777777778 0.988818519508 1.0 
0.0284722222222 0.988930605223 1.0 
0.0291666666667 0.988841692162 1.0 
0.0298611111111 0.988929863878 1.0 
0.0305555555556 0.988943986655 1.0 
0.03125 0.988991684371 1.0 
0.0319444444444 0.98864431361 1.0 
0.0326388888889 0.988743028293 1.0 
0.0333333333333 0.98905792883 1.0 
0.0340277777778 0.988709131537 1.0 
0.0347222222222 0.988918613081 1.0 
0.0354166666667 0.988960082359 1.0 
0.0361111111111 0.989046977832 1.0 
0.0368055555556 0.989163341616 1.0 
0.0375 0.98888796166 1.0 
0.0381944444444 0.989048444316 1.0 
0.0388888888889 0.989200193265 1.0 
0.0395833333333 0.988883613866 1.0 
0.0402777777778 0.988895392356 1.0 
0.0409722222222 0.98879338923 1.0 
0.0416666666667 0.98905187764 1.0 
0.0423611111111 0.988886420611 1.0 
0.0430555555556 0.988892468488 1.0 
0.04375 0.988944582148 1.0 
0.0444444444444 0.989073888338 1.0 
0.0451388888889 0.989055762297 1.0 
0.0458333333333 0.988929344449 1.0 
0.0465277777778 0.988986783761 1.0 
0.0472222222222 0.988907647054 1.0 
0.0479166666667 0.989081625388 1.0 
0.0486111111111 0.988834069402 1.0 
0.0493055555556 0.988952334069 1.0 
0.05 0.988964041034 1.0 
0.0506944444444 0.98901516556 1.0 
0.0513888888889 0.989024484016 1.0 
0.0520833333333 0.989090429544 1.0 
0.0527777777778 0.988846512265 1.0 
0.0534722222222 0.988940031594 1.0 
0.0541666666667 0.989144437639 1.0 
0.0548611111111 0.9890877047 1.0 
0.0555555555556 0.988981936165 1.0 
0.05625 0.98915699119 1.0 
0.0569444444444 0.988906074574 1.0 
0.0576388888889 0.989097781878 1.0 
0.0583333333333 0.988909031155 1.0 
0.0590277777778 0.9890191264 1.0 
0.0597222222222 0.988999075218 1.0 
0.0604166666667 0.989087665485 1.0 
0.0611111111111 0.989031785927 1.0 
0.0618055555556 0.989067044747 1.0 
0.0625 0.989124193042 1.0 
0.0631944444444 0.989023126616 1.0 
0.0638888888889 0.98911375261 1.0 
0.0645833333333 0.989077232413 1.0 
0.0652777777778 0.988927450818 1.0 
0.0659722222222 0.988881456127 1.0 
0.0666666666667 0.988997245318 1.0 
0.0673611111111 0.98922919937 1.0 
0.0680555555556 0.98910717424 1.0 
0.06875 0.988942282355 1.0 
0.0694444444444 0.988970375933 1.0 
0.0701388888889 0.989170867764 1.0 
0.0708333333333 0.989049693402 1.0 
0.0715277777778 0.98907367063 1.0 
0.0722222222222 0.989159178015 1.0 
0.0729166666667 0.989051474244 1.0 
0.0736111111111 0.989104924241 1.0 
0.0743055555556 0.989245144006 1.0 
0.075 0.989107279396 1.0 
0.0756944444444 0.989240607205 1.0 
0.0763888888889 0.989142614708 1.0 
0.0770833333333 0.989100249762 1.0 
0.0777777777778 0.989219475605 1.0 
0.0784722222222 0.989291916163 1.0 
0.0791666666667 0.989041031218 1.0 
0.0798611111111 0.989066070608 1.0 
0.0805555555556 0.989097901365 1.0 
0.08125 0.989028776132 1.0 
0.0819444444444 0.989099949621 1.0 
0.0826388888889 0.989161110728 1.0 
0.0833333333333 0.989046825882 1.0 
0.0840277777778 0.989113979786 1.0 
0.0847222222222 0.989323226381 1.0 
0.0854166666667 0.989159248002 1.0 
0.0861111111111 0.989118689122 1.0 
0.0868055555556 0.989156370358 1.0 
0.0875 0.989112015896 1.0 
0.0881944444444 0.989097728391 1.0 
0.0888888888889 0.988917667599 1.0 
0.0895833333333 0.98916760146 1.0 
0.0902777777778 0.989107752907 1.0 
0.0909722222222 0.989290587022 1.0 
0.0916666666667 0.9891910436 1.0 
0.0923611111111 0.989301023184 1.0 
0.0930555555556 0.989338122196 1.0 
0.09375 0.989160546803 1.0 
0.0944444444444 0.989296702271 1.0 
0.0951388888889 0.989192424999 1.0 
0.0958333333333 0.989103360903 1.0 
0.0965277777778 0.989162568644 1.0 
0.0972222222222 0.989341548645 1.0 
0.0979166666667 0.989157877226 1.0 
0.0986111111111 0.989079414876 1.0 
0.0993055555556 0.989014968996 1.0 
0.1 0.989185871354 1.0 
0.100694444444 0.98911788508 1.0 
0.101388888889 0.989234587884 1.0 
0.102083333333 0.989139107017 1.0 
0.102777777778 0.989204207594 1.0 
0.103472222222 0.989191843544 1.0 
0.104166666667 0.989244480445 1.0 
0.104861111111 0.989345096209 1.0 
0.105555555556 0.989275010644 1.0 
0.10625 0.989010876535 1.0 
0.106944444444 0.989291563467 1.0 
0.107638888889 0.989133475819 1.0 
0.108333333333 0.989431989918 1.0 
0.109027777778 0.989157165506 1.0 
0.109722222222 0.989127295699 1.0 
0.110416666667 0.989119390066 1.0 
0.111111111111 0.989178483574 1.0 
0.111805555556 0.989282109941 1.0 
0.1125 0.98919822578 1.0 
0.113194444444 0.989199668492 1.0 
0.113888888889 0.989279552444 1.0 
0.114583333333 0.989300492252 1.0 
0.115277777778 0.989116311535 1.0 
0.115972222222 0.989326017676 1.0 
0.116666666667 0.989327401244 1.0 
0.117361111111 0.989291476635 1.0 
0.118055555556 0.989457163922 1.0 
0.11875 0.989357998129 1.0 
0.119444444444 0.989264471076 1.0 
0.120138888889 0.989470704615 1.0 
0.120833333333 0.989248432443 1.0 
0.121527777778 0.989019399171 1.0 
0.122222222222 0.989437351396 1.0 
0.122916666667 0.989260833226 1.0 
0.123611111111 0.989495567217 1.0 
0.124305555556 0.989394404661 1.0 
0.125 0.989287569629 1.0 
0.125694444444 0.989501923718 1.0 
0.126388888889 0.989457451002 1.0 
0.127083333333 0.989441629188 1.0 
0.127777777778 0.989305709189 1.0 
0.128472222222 0.989262739839 1.0 
0.129166666667 0.989342100221 1.0 
0.129861111111 0.989618760703 1.0 
0.130555555556 0.989377728187 1.0 
0.13125 0.989439544101 1.0 
0.131944444444 0.989597890495 1.0 
0.132638888889 0.989387341853 1.0 
0.133333333333 0.98946929154 1.0 
0.134027777778 0.989506666596 1.0 
0.134722222222 0.98957343246 1.0 
0.135416666667 0.989514532726 1.0 
0.136111111111 0.989418808137 1.0 
0.136805555556 0.989629614666 1.0 
0.1375 0.989453903567 1.0 
0.138194444444 0.989457172395 1.0 
0.138888888889 0.989604323702 1.0 
0.139583333333 0.989497088617 1.0 
0.140277777778 0.989530920969 1.0 
0.140972222222 0.989536416096 1.0 
0.141666666667 0.989570003337 1.0 
0.142361111111 0.989681798174 1.0 
0.143055555556 0.989537442118 1.0 
0.14375 0.989525557795 1.0 
0.144444444444 0.989571952595 1.0 
0.145138888889 0.989524776685 1.0 
0.145833333333 0.989689077385 1.0 
0.146527777778 0.98951112814 1.0 
0.147222222222 0.989586407215 1.0 
0.147916666667 0.989535505699 1.0 
0.148611111111 0.989561051461 1.0 
0.149305555556 0.989798234816 1.0 
0.15 0.989812850017 1.0 
0.150694444444 0.989554136987 1.0 
0.151388888889 0.989606174485 1.0 
0.152083333333 0.989580631623 1.0 
0.152777777778 0.989490723928 1.0 
0.153472222222 0.989802029808 1.0 
0.154166666667 0.98969463889 1.0 
0.154861111111 0.989919794259 1.0 
0.155555555556 0.989757443569 1.0 
0.15625 0.989738308633 1.0 
0.156944444444 0.989715436804 1.0 
0.157638888889 0.989676190081 1.0 
0.158333333333 0.989745751903 1.0 
0.159027777778 0.989974984538 1.0 
0.159722222222 0.989989588961 1.0 
0.160416666667 0.989699999322 1.0 
0.161111111111 0.989873614388 1.0 
0.161805555556 0.989731166944 1.0 
0.1625 0.989845465801 1.0 
0.163194444444 0.989879011707 1.0 
0.163888888889 0.989906667377 1.0 
0.164583333333 0.989823134327 1.0 
0.165277777778 0.989932341355 1.0 
0.165972222222 0.989860411014 1.0 
0.166666666667 0.989913065688 1.0 
0.167361111111 0.989968035858 1.0 
0.168055555556 0.989879240826 1.0 
0.16875 0.989844723385 1.0 
0.169444444444 0.990061426768 1.0 
0.170138888889 0.989789269703 1.0 
0.170833333333 0.989939421632 1.0 
0.171527777778 0.98995258826 1.0 
0.172222222222 0.990030921606 1.0 
0.172916666667 0.989979139468 1.0 
0.173611111111 0.98989910605 1.0 
0.174305555556 0.989909606282 1.0 
0.175 0.990109602753 1.0 
0.175694444444 0.990365964273 1.0 
0.176388888889 0.989898583055 1.0 
0.177083333333 0.990022957381 1.0 
0.177777777778 0.989987619392 1.0 
0.178472222222 0.989790388386 1.0 
0.179166666667 0.98987598385 1.0 
0.179861111111 0.990275248177 1.0 
0.180555555556 0.990060447854 1.0 
0.18125 0.990034740892 1.0 
0.181944444444 0.990086947931 1.0 
0.182638888889 0.990253352091 1.0 
0.183333333333 0.990175693673 1.0 
0.184027777778 0.990167053346 1.0 
0.184722222222 0.990276349579 1.0 
0.185416666667 0.990290702701 1.0 
0.186111111111 0.990471282124 1.0 
0.186805555556 0.990449069843 1.0 
0.1875 0.990337697539 1.0 
0.188194444444 0.990385833028 1.0 
0.188888888889 0.990219650221 1.0 
0.189583333333 0.990528257565 1.0 
0.190277777778 0.990491203152 1.0 
0.190972222222 0.99047849129 1.0 
0.191666666667 0.990439534488 1.0 
0.192361111111 0.99065821943 1.0 
0.193055555556 0.990551273923 1.0 
0.19375 0.990375209102 1.0 
0.194444444444 0.990605452112 1.0 
0.195138888889 0.990462290353 1.0 
0.195833333333 0.990695305252 1.0 
0.196527777778 0.990692360049 1.0 
0.197222222222 0.99045651349 1.0 
0.197916666667 0.990627848467 1.0 
0.198611111111 0.990382719977 1.0 
0.199305555556 0.990656339748 1.0 
0.2 0.990609523282 1.0 
0.200694444444 0.990667922 1.0 
0.201388888889 0.990718047094 1.0 
0.202083333333 0.990795819897 1.0 
0.202777777778 0.990782660166 1.0 
0.203472222222 0.990809676316 1.0 
0.204166666667 0.990941908542 1.0 
0.204861111111 0.990803297976 1.0 
0.205555555556 0.991056499849 1.0 
0.20625 0.990890215411 1.0 
0.206944444444 0.990881734831 1.0 
0.207638888889 0.991046765137 1.0 
0.208333333333 0.990873553223 1.0 
0.209027777778 0.990940033334 1.0 
0.209722222222 0.991019915186 1.0 
0.210416666667 0.991059232633 1.0 
0.211111111111 0.990961050874 1.0 
0.211805555556 0.990735084508 1.0 
0.2125 0.99108125229 1.0 
0.213194444444 0.99114944474 1.0 
0.213888888889 0.991024788225 1.0 
0.214583333333 0.990954281536 1.0 
0.215277777778 0.991210374322 1.0 
0.215972222222 0.991128393189 1.0 
0.216666666667 0.991297027743 1.0 
0.217361111111 0.99124656572 1.0 
0.218055555556 0.991326659964 1.0 
0.21875 0.991258064259 1.0 
0.219444444444 0.991358745565 1.0 
0.220138888889 0.991223361495 1.0 
0.220833333333 0.991410660633 1.0 
0.221527777778 0.991459015436 1.0 
0.222222222222 0.991663838628 1.0 
0.222916666667 0.991633945973 1.0 
0.223611111111 0.991749720551 1.0 
0.224305555556 0.991746573262 1.0 
0.225 0.991884497612 1.0 
0.225694444444 0.991776223745 1.0 
0.226388888889 0.992066893801 1.0 
0.227083333333 0.992155868149 1.0 
0.227777777778 0.992061143228 1.0 
0.228472222222 0.992332253171 1.0 
0.229166666667 0.992222989645 1.0 
0.229861111111 0.992658913337 1.0 
0.230555555556 0.992752371507 1.0 
0.23125 0.992867639095 1.0 
0.231944444444 0.992742245075 1.0 
0.232638888889 0.992795230111 1.0 
0.233333333333 0.99304953132 1.0 
0.234027777778 0.993177960511 1.0 
0.234722222222 0.993012335807 1.0 
0.235416666667 0.993522835542 1.0 
0.236111111111 0.993389222652 1.0 
0.236805555556 0.993612040434 1.0 
0.2375 0.993701528873 1.0 
0.238194444444 0.993772700806 1.0 
0.238888888889 0.993949692445 1.0 
0.239583333333 0.993849787642 1.0 
0.240277777778 0.994107514074 1.0 
0.240972222222 0.994326209182 1.0 
0.241666666667 0.994249802629 1.0 
0.242361111111 0.994462120973 1.0 
0.243055555556 0.994682163701 1.0 
0.24375 0.994736302259 1.0 
0.244444444444 0.994724399204 1.0 
0.245138888889 0.994666748792 1.0 
0.245833333333 0.99493052567 1.0 
0.246527777778 0.995292430028 1.0 
0.247222222222 0.995244830267 1.0 
0.247916666667 0.995378438704 1.0 
0.248611111111 0.995405733421 1.0 
0.249305555556 0.995622285474 1.0 
0.25 0.995628287312 1.0 
0.250694444444 0.995802786786 1.0 
0.251388888889 0.995907897193 1.0 
0.252083333333 0.996238041891 1.0 
0.252777777778 0.996030129365 1.0 
0.253472222222 0.99632527 1.0 
0.254166666667 0.996564205129 1.0 
0.254861111111 0.996551627353 1.0 
0.255555555556 0.996614593672 1.0 
0.25625 0.996550428921 1.0 
0.256944444444 0.9969195598 1.0 
0.257638888889 0.996975467694 1.0 
0.258333333333 0.997074507925 1.0 
0.259027777778 0.997237063144 1.0 
0.259722222222 0.997335975317 1.0 
0.260416666667 0.997294747178 1.0 
0.261111111111 0.997534000798 1.0 
0.261805555556 0.997695049186 1.0 
0.2625 0.997709758563 1.0 
0.263194444444 0.997856156411 1.0 
0.263888888889 0.997819955823 1.0 
0.264583333333 0.997888773115 1.0 
0.265277777778 0.998031831855 1.0 
0.265972222222 0.998135133516 1.0 
0.266666666667 0.998132391822 1.0 
0.267361111111 0.998326612288 1.0 
0.268055555556 0.998178820095 1.0 
0.26875 0.998533921004 1.0 
0.269444444444 0.998556232706 1.0 
0.270138888889 0.998511664731 1.0 
0.270833333333 0.998775306128 1.0 
0.271527777778 0.999009354182 1.0 
0.272222222222 0.998973882893 1.0 
0.272916666667 0.999039925141 1.0 
0.273611111111 0.99908095228 1.0 
0.274305555556 0.999237439693 1.0 
0.275 0.999204806072 1.0 
0.275694444444 0.999317810404 1.0 
0.276388888889 0.999506672443 1.0 
0.277083333333 0.999288622813 1.0 
0.277777777778 0.999526843868 1.0 
0.278472222222 0.999710825713 1.0 
0.279166666667 0.999573817685 1.0 
0.279861111111 0.999727562229 1.0 
0.280555555556 0.999889253105 1.0 
0.28125 0.999933340748 1.0 
0.281944444444 1.00007075024 1.0 
0.282638888889 0.999915197446 1.0 
0.283333333333 1.00002428183 1.0 
0.284027777778 0.999900979295 1.0 
0.284722222222 0.999850385495 1.0 
0.285416666667 1.00007071579 1.0 
0.286111111111 1.00001361148 1.0 
0.286805555556 0.999784387406 1.0 
0.2875 0.999985298041 1.0 
0.288194444444 1.00005224204 1.0 
0.288888888889 0.99998063663 1.0 
0.289583333333 0.999967668118 1.0 
0.290277777778 1.00021403196 1.0 
0.290972222222 1.00004807962 1.0 
0.291666666667 1.00005289542 1.0 
0.292361111111 1.0001800139 1.0 
0.293055555556 1.00018744032 1.0 
0.29375 0.999926321536 1.0 
0.294444444444 1.00008185869 1.0 
0.295138888889 0.999894322869 1.0 
0.295833333333 1.00007301022 1.0 
0.296527777778 0.999952258792 1.0 
0.297222222222 1.00015228366 1.0 
0.297916666667 1.00001511579 1.0 
0.298611111111 0.999930549629 1.0 
0.299305555556 0.999910551197 1.0 
0.3 0.999994260613 1.0 
0.300694444444 1.00016296564 1.0 
0.301388888889 1.00008071015 1.0 
0.302083333333 0.999934923537 1.0 
0.302777777778 1.0000936507 1.0 
0.303472222222 1.00021076703 1.0 
0.304166666667 0.999928231357 1.0 
0.304861111111 1.00010772554 1.0 
0.305555555556 1.00016982905 1.0 
0.30625 1.00008611466 1.0 
0.306944444444 0.999997578403 1.0 
0.307638888889 1.00012195459 1.0 
0.308333333333 1.00007773895 1.0 
0.309027777778 1.00005522699 1.0 
0.309722222222 1.00001282038 1.0 
0.310416666667 1.00002979125 1.0 
0.311111111111 1.00016668054 1.0 
0.311805555556 0.999984741286 1.0 
0.3125 1.00014325138 1.0 
0.313194444444 1.00014437054 1.0 
0.313888888889 1.00009960283 1.0 
0.314583333333 1.00006137012 1.0 
0.315277777778 1.00007493593 1.0 
0.315972222222 1.0001412188 1.0 
0.316666666667 0.999919181676 1.0 
0.317361111111 1.00006628645 1.0 
0.318055555556 1.00002823687 1.0 
0.31875 0.99994499125 1.0 
0.319444444444 1.00001362369 1.0 
0.320138888889 0.999959168644 1.0 
0.320833333333 0.999981096283 1.0 
0.321527777778 1.00011011543 1.0 
0.322222222222 0.999996886805 1.0 
0.322916666667 1.00010163944 1.0 
0.323611111111 0.99995331543 1.0 
0.324305555556 0.999906685442 1.0 
0.325 1.00023300512 1.0 
0.325694444444 1.00003351597 1.0 
0.326388888889 1.00012029768 1.0 
0.327083333333 0.999999098635 1.0 
0.327777777778 1.00002775692 1.0 
0.328472222222 1.0000235979 1.0 
0.329166666667 1.00014806491 1.0 
0.329861111111 1.00008373848 1.0 
0.330555555556 0.99998774687 1.0 
0.33125 1.00006901406 1.0 
0.331944444444 1.0001533981 1.0 
0.332638888889 1.00003684007 1.0 
0.333333333333 1.00004695791 1.0 
0.334027777778 1.00011197759 1.0 
0.334722222222 0.999993556382 1.0 
0.335416666667 1.00016015085 1.0 
0.336111111111 1.00006132154 1.0 
0.336805555556 1.00001310961 1.0 
0.3375 1.0001210379 1.0 
0.338194444444 1.00022340674 1.0 
0.338888888889 1.00006334372 1.0 
0.339583333333 1.00014724353 1.0 
0.340277777778 1.00006024594 1.0 
0.340972222222 1.00020686546 1.0 
0.341666666667 1.00001219615 1.0 
0.342361111111 1.00010566519 1.0 
0.343055555556 1.00009429688 1.0 
0.34375 1.00021993176 1.0 
0.344444444444 1.00008728048 1.0 
0.345138888889 1.00008459213 1.0 
0.345833333333 1.00014571785 1.0 
0.346527777778 1.000142478 1.0 
0.347222222222 1.00008693822 1.0 
0.347916666667 1.00001429706 1.0 
0.348611111111 0.999976784912 1.0 
0.349305555556 1.00020417257 1.0 
0.35 1.0001932538 1.0 
0.350694444444 1.00018864905 1.0 
0.351388888889 0.999914295104 1.0 
0.352083333333 1.00015327868 1.0 
0.352777777778 0.999985438321 1.0 
0.353472222222 1.00007397841 1.0 
0.354166666667 1.00002975885 1.0 
0.354861111111 0.999808812152 1.0 
0.355555555556 1.00006063944 1.0 
0.35625 0.999906765969 1.0 
0.356944444444 0.999879611807 1.0 
0.357638888889 0.999894118385 1.0 
0.358333333333 0.999929818249 1.0 
0.359027777778 1.00018562697 1.0 
0.359722222222 1.00012057992 1.0 
0.360416666667 0.999984977701 1.0 
0.361111111111 1.00016683401 1.0 
0.361805555556 0.999908654133 1.0 
0.3625 1.00025971723 1.0 
0.363194444444 1.00010571496 1.0 
0.363888888889 1.00009612338 1.0 
0.364583333333 1.00016306006 1.0 
0.365277777778 1.00001186272 1.0 
0.365972222222 1.00007515493 1.0 
0.366666666667 1.00018497142 1.0 
0.367361111111 1.0001981901 1.0 
0.368055555556 1.00010318512 1.0 
0.36875 0.999746709761 1.0 
0.369444444444 1.00013971103 1.0 
0.370138888889 1.00005784424 1.0 
0.370833333333 0.999914453023 1.0 
0.371527777778 0.999955998676 1.0 
0.372222222222 1.00002637957 1.0 
0.372916666667 1.00001582975 1.0 
0.373611111111 1.00027874121 1.0 
0.374305555556 1.00006358566 1.0 
0.375 0.999978108534 1.0 
0.375694444444 1.00002525116 1.0 
0.376388888889 1.00000758738 1.0 
0.377083333333 1.00006768318 1.0 
0.377777777778 0.999982639719 1.0 
0.378472222222 0.999968795634 1.0 
0.379166666667 0.999949310261 1.0 
0.379861111111 0.999917168674 1.0 
0.380555555556 1.00016057037 1.0 
0.38125 1.00020038444 1.0 
0.381944444444 0.999989097804 1.0 
0.382638888889 1.00016293223 1.0 
0.383333333333 1.00009053637 1.0 
0.384027777778 1.00005351732 1.0 
0.384722222222 1.00005962994 1.0 
0.385416666667 1.00001033148 1.0 
0.386111111111 1.00019836173 1.0 
0.386805555556 1.00020401247 1.0 
0.3875 1.00007587508 1.0 
0.388194444444 1.0001662326 1.0 
0.388888888889 0.999951991958 1.0 
0.389583333333 1.00007741201 1.0 
0.390277777778 1.00020743241 1.0 
0.390972222222 1.00009469122 1.0 
0.391666666667 1.00010051266 1.0 
0.392361111111 0.999872186794 1.0 
0.393055555556 1.0000812224 1.0 
0.39375 0.999938206011 1.0 
0.394444444444 0.999991130854 1.0 
0.395138888889 1.00022752022 1.0 
0.395833333333 1.00009950386 1.0 
0.396527777778 1.00009973963 1.0 
0.397222222222 1.00004343803 1.0 
0.397916666667 1.00000336068 1.0 
0.398611111111 0.99995366575 1.0 
0.399305555556 0.999921284563 1.0 
0.4 1.00015212882 1.0 
0.400694444444 1.00012846399 1.0 
0.401388888889 1.00011632965 1.0 
0.402083333333 1.00008340006 1.0 
0.402777777778 1.00009524876 1.0 
0.403472222222 1.00020214337 1.0 
0.404166666667 1.0002248484 1.0 
0.404861111111 0.999986151853 1.0 
0.405555555556 0.99996964084 1.0 
0.40625 1.00014615588 1.0 
0.406944444444 1.00024283761 1.0 
0.407638888889 1.00002890389 1.0 
0.408333333333 0.999887463356 1.0 
0.409027777778 1.00004185998 1.0 
0.409722222222 0.999952635014 1.0 
0.410416666667 1.00018009906 1.0 
0.411111111111 0.999952331059 1.0 
0.411805555556 0.999952841292 1.0 
0.4125 0.999867926343 1.0 
0.413194444444 1.00006960397 1.0 
0.413888888889 0.999939223991 1.0 
0.414583333333 1.00012861249 1.0 
0.415277777778 1.00007572471 1.0 
0.415972222222 1.00011484678 1.0 
0.416666666667 1.00006930485 1.0 
0.417361111111 0.999954943039 1.0 
0.418055555556 1.00010795318 1.0 
0.41875 1.00017304247 1.0 
0.419444444444 0.999932443947 1.0 
0.420138888889 1.0001426819 1.0 
0.420833333333 1.00006921711 1.0 
0.421527777778 1.00010456169 1.0 
0.422222222222 0.999952357709 1.0 
0.422916666667 1.0001529436 1.0 
0.423611111111 1.00028180837 1.0 
0.424305555556 1.00007477413 1.0 
0.425 1.00012647962 1.0 
0.425694444444 1.00000886653 1.0 
0.426388888889 1.00017392802 1.0 
0.427083333333 1.00000668047 1.0 
0.427777777778 1.00018226138 1.0 
0.428472222222 1.00016078243 1.0 
0.429166666667 1.00007376765 1.0 
0.429861111111 1.00010522801 1.0 
0.430555555556 1.00018184813 1.0 
0.43125 1.00020590612 1.0 
0.431944444444 1.00008612386 1.0 
0.432638888889 1.0001374994 1.0 
0.433333333333 1.00012174142 1.0 
0.434027777778 1.00011887531 1.0 
0.434722222222 1.00005191105 1.0 
0.435416666667 1.00001121437 1.0 
0.436111111111 1.00023972827 1.0 
0.436805555556 1.00012578535 1.0 
0.4375 1.00015942163 1.0 
0.438194444444 1.00012683526 1.0 
0.438888888889 1.00010786939 1.0 
0.439583333333 0.999955557467 1.0 
0.440277777778 1.00005919274 1.0 
0.440972222222 1.0003310712 1.0 
0.441666666667 1.00012664129 1.0 
0.442361111111 1.00002883272 1.0 
0.443055555556 1.00016700772 1.0 
0.44375 1.00034603157 1.0 
0.444444444444 0.999928093117 1.0 
0.445138888889 0.999948490514 1.0 
0.445833333333 1.0001227958 1.0 
0.446527777778 1.00005132549 1.0 
0.447222222222 1.00016528859 1.0 
0.447916666667 1.00027807548 1.0 
0.448611111111 1.00011545257 1.0 
0.449305555556 1.00013781416 1.0 
0.45 1.00009793089 1.0 
0.450694444444 1.00024614378 1.0 
0.451388888889 1.0000467644 1.0 
0.452083333333 1.0001572922 1.0 
0.452777777778 1.00018906902 1.0 
0.453472222222 1.00011589053 1.0 
0.454166666667 1.00002773246 1.0 
0.454861111111 1.00015971784 1.0 
0.455555555556 1.00013813598 1.0 
0.45625 1.00011803943 1.0 
0.456944444444 1.00018892834 1.0 
0.457638888889 1.00014251965 1.0 
0.458333333333 1.0000074331 1.0 
0.459027777778 0.999877605797 1.0 
0.459722222222 1.0000325221 1.0 
0.460416666667 1.00010299632 1.0 
0.461111111111 1.0002194582 1.0 
0.461805555556 1.00022577323 1.0 
0.4625 1.00019668588 1.0 
0.463194444444 1.00003565935 1.0 
0.463888888889 1.00004979575 1.0 
0.464583333333 1.00017603515 1.0 
0.465277777778 1.00016222773 1.0 
0.465972222222 1.00008284554 1.0 
0.466666666667 1.00054333385 1.0 
0.467361111111 1.00003916486 1.0 
0.468055555556 1.0000436871 1.0 
0.46875 1.00014761099 1.0 
0.469444444444 1.0000407192 1.0 
0.470138888889 1.00016633554 1.0 
0.470833333333 1.00010030724 1.0 
0.471527777778 1.00013955339 1.0 
0.472222222222 1.00022203649 1.0 
0.472916666667 1.00018820516 1.0 
0.473611111111 1.00003525951 1.0 
0.474305555556 1.00025388903 1.0 
0.475 1.00016217606 1.0 
0.475694444444 1.00013160295 1.0 
0.476388888889 1.00009094785 1.0 
0.477083333333 0.999986049083 1.0 
0.477777777778 1.00000815065 1.0 
0.478472222222 1.00008290402 1.0 
0.479166666667 1.00018279878 1.0 
0.479861111111 1.00009017276 1.0 
0.480555555556 0.999967940338 1.0 
0.48125 1.00032412645 1.0 
0.481944444444 1.00004634941 1.0 
0.482638888889 1.00005023205 1.0 
0.483333333333 1.00043112538 1.0 
0.484027777778 1.0000519213 1.0 
0.484722222222 1.00002598763 1.0 
0.485416666667 1.00010724862 1.0 
0.486111111111 1.00008433009 1.0 
0.486805555556 1.00008592717 1.0 
0.4875 1.00024136912 1.0 
0.488194444444 1.00018109252 1.0 
0.488888888889 1.00002492507 1.0 
0.489583333333 1.0000456518 1.0 
0.490277777778 0.999944486164 1.0 
0.490972222222 1.00008535326 1.0 
0.491666666667 0.999976658762 1.0 
0.492361111111 1.00006952267 1.0 
0.493055555556 1.00028348821 1.0 
0.49375 1.00010251098 1.0 
0.494444444444 1.00007340275 1.0 
0.495138888889 1.00018776574 1.0 
0.495833333333 0.999967442332 1.0 
0.496527777778 1.00008679588 1.0 
0.497222222222 1.00028115911 1.0 
0.497916666667 0.99993448543 1.0 
0.498611111111 1.0002171833 1.0 
0.499305555556 1.0000223036 1.0 
0.5 1.00001695774 1.0 
0.500694444444 1.00020741043 1.0 
0.501388888889 1.00021671169 1.0 
0.502083333333 0.999963696256 1.0 
0.502777777778 1.00003166753 1.0 
0.503472222222 1.00006128381 1.0 
0.504166666667 1.00004777779 1.0 
0.504861111111 1.00010729877 1.0 
0.505555555556 0.999995843314 1.0 
0.50625 1.00016702264 1.0 
0.506944444444 1.00004853571 1.0 
0.507638888889 1.00020975215 1.0 
0.508333333333 1.00001282972 1.0 
0.509027777778 1.00034821833 1.0 
0.509722222222 1.0000748416 1.0 
0.510416666667 1.00020022524 1.0 
0.511111111111 1.00022496254 1.0 
0.511805555556 0.999936783314 1.0 
0.5125 1.00031648126 1.0 
0.513194444444 1.00022985513 1.0 
0.513888888889 1.00006664554 1.0 
0.514583333333 1.0000401368 1.0 
0.515277777778 0.999990402176 1.0 
0.515972222222 1.00013857907 1.0 
0.516666666667 1.00010946759 1.0 
0.517361111111 1.00012873535 1.0 
0.518055555556 0.999936164142 1.0 
0.51875 1.0000906959 1.0 
0.519444444444 0.999984202234 1.0 
0.520138888889 1.00025705499 1.0 
0.520833333333 0.999824684539 1.0 
0.521527777778 1.00013686498 1.0 
0.522222222222 1.00005574388 1.0 
0.522916666667 0.999992427388 1.0 
0.523611111111 1.00023790054 1.0 
0.524305555556 1.00003638494 1.0 
0.525 0.999908930821 1.0 
0.525694444444 1.00005935028 1.0 
0.526388888889 0.999983295958 1.0 
0.527083333333 0.999907037323 1.0 
0.527777777778 1.00001066664 1.0 
0.528472222222 1.00033135428 1.0 
0.529166666667 1.00005229699 1.0 
0.529861111111 0.999988656946 1.0 
0.530555555556 1.00007788897 1.0 
0.53125 0.999995020902 1.0 
0.531944444444 1.0001790025 1.0 
0.532638888889 1.00007484717 1.0 
0.533333333333 1.0001241458 1.0 
0.534027777778 1.00006242288 1.0 
0.534722222222 1.00008909777 1.0 
0.535416666667 1.0000710741 1.0 
0.536111111111 1.0000526834 1.0 
0.536805555556 1.00004141811 1.0 
0.5375 1.00008191348 1.0 
0.538194444444 1.00006107097 1.0 
0.538888888889 1.0000659056 1.0 
0.539583333333 1.00020819058 1.0 
0.540277777778 1.00023207178 1.0 
0.540972222222 1.0000308754 1.0 
0.541666666667 1.00000637641 1.0 
0.542361111111 1.00034604647 1.0 
0.543055555556 1.00001264072 1.0 
0.54375 1.00008394753 1.0 
0.544444444444 1.00020646504 1.0 
0.545138888889 1.00021805937 1.0 
0.545833333333 1.00014484819 1.0 
0.546527777778 1.00011836124 1.0 
0.547222222222 1.00014675493 1.0 
0.547916666667 1.00020041853 1.0 
0.548611111111 1.00014025655 1.0 
0.549305555556 1.000030483 1.0 
0.55 1.00021411129 1.0 
0.550694444444 1.00023680309 1.0 
0.551388888889 1.00009914935 1.0 
0.552083333333 1.00006090201 1.0 
0.552777777778 1.00019644783 1.0 
0.553472222222 1.0001572367 1.0 
0.554166666667 1.00006934564 1.0 
0.554861111111 1.00007458954 1.0 
0.555555555556 1.00007432686 1.0 
0.55625 1.00007506501 1.0 
0.556944444444 1.00007898458 1.0 
0.557638888889 0.999998177832 1.0 
0.558333333333 1.00013253239 1.0 
0.559027777778 1.00016725402 1.0 
0.559722222222 1.00017227357 1.0 
0.560416666667 1.00004156196 1.0 
0.561111111111 1.00024506184 1.0 
0.561805555556 1.00003927922 1.0 
0.5625 1.0000254557 1.0 
0.563194444444 1.00009326224 1.0 
0.563888888889 1.00017651183 1.0 
0.564583333333 1.00018737687 1.0 
0.565277777778 1.00005026303 1.0 
0.565972222222 1.00001667391 1.0 
0.566666666667 1.00019550281 1.0 
0.567361111111 1.00009757587 1.0 
0.568055555556 1.00007991608 1.0 
0.56875 1.0000108427 1.0 
0.569444444444 1.00019542391 1.0 
0.570138888889 1.00001464926 1.0 
0.570833333333 1.00013327304 1.0 
0.571527777778 1.00015408552 1.0 
0.572222222222 1.00020602039 1.0 
0.572916666667 1.00006324715 1.0 
0.573611111111 1.00006787526 1.0 
0.574305555556 0.999976085822 1.0 
0.575 0.99999789613 1.0 
0.575694444444 1.00020587032 1.0 
0.576388888889 0.999918313134 1.0 
0.577083333333 0.999959502366 1.0 
0.577777777778 0.999997017232 1.0 
0.578472222222 1.00003908349 1.0 
0.579166666667 1.00003418257 1.0 
0.579861111111 0.999859052647 1.0 
0.580555555556 0.999954350861 1.0 
0.58125 1.00011025938 1.0 
0.581944444444 1.00007357049 1.0 
0.582638888889 1.0002188506 1.0 
0.583333333333 1.00003120021 1.0 
0.584027777778 1.00012743417 1.0 
0.584722222222 0.999951362759 1.0 
0.585416666667 1.00003106268 1.0 
0.586111111111 1.00001331328 1.0 
0.586805555556 0.99999431613 1.0 
0.5875 1.00004452599 1.0 
0.588194444444 1.00010993515 1.0 
0.588888888889 1.00031483094 1.0 
0.589583333333 0.999923322371 1.0 
0.590277777778 0.999979067207 1.0 
0.590972222222 1.00012469622 1.0 
0.591666666667 1.00012477194 1.0 
0.592361111111 1.00017181626 1.0 
0.593055555556 1.00006089318 1.0 
0.59375 1.00005625245 1.0 
0.594444444444 1.00004175442 1.0 
0.595138888889 1.0001385588 1.0 
0.595833333333 1.00036411733 1.0 
0.596527777778 1.000106835 1.0 
0.597222222222 1.00017247384 1.0 
0.597916666667 1.0002436941 1.0 
0.598611111111 1.00017121103 1.0 
0.599305555556 1.00005687379 1.0 
