-0.1 0.999899731855 1.0 
-0.0993055555556 0.999923208459 1.0 
-0.0986111111111 1.00002044799 1.0 
-0.0979166666667 0.999875649285 1.0 
-0.0972222222222 1.00004209952 1.0 
-0.0965277777778 0.99982253494 1.0 
-0.0958333333333 1.00002390794 1.0 
-0.0951388888889 1.00006990804 1.0 
-0.0944444444444 1.0000315561 1.0 
-0.09375 1.00002199587 1.0 
-0.0930555555556 0.999934980159 1.0 
-0.0923611111111 1.00004589835 1.0 
-0.0916666666667 1.00009784643 1.0 
-0.0909722222222 0.999762458497 1.0 
-0.0902777777778 0.999999457323 1.0 
-0.0895833333333 1.00007596809 1.0 
-0.0888888888889 1.0000807242 1.0 
-0.0881944444444 0.999981156192 1.0 
-0.0875 1.00003832303 1.0 
-0.0868055555556 0.999887978791 1.0 
-0.0861111111111 1.00008700872 1.0 
-0.0854166666667 1.00004850024 1.0 
-0.0847222222222 1.00015087726 1.0 
-0.0840277777778 1.00002100579 1.0 
-0.0833333333333 0.9998618425 1.0 
-0.0826388888889 1.00001805734 1.0 
-0.0819444444444 0.999934117013 1.0 
-0.08125 1.00007055447 1.0 
-0.0805555555556 0.999831720667 1.0 
-0.0798611111111 0.999923147504 1.0 
-0.0791666666667 1.00011352234 1.0 
-0.0784722222222 0.999864540316 1.0 
-0.0777777777778 1.00000150288 1.0 
-0.0770833333333 1.00012955086 1.0 
-0.0763888888889 1.00013233066 1.0 
-0.0756944444444 1.00000105309 1.0 
-0.075 0.999887047207 1.0 
-0.0743055555556 0.999932203603 1.0 
-0.0736111111111 0.999891230223 1.0 
-0.0729166666667 0.999894762507 1.0 
-0.0722222222222 0.999949241349 1.0 
-0.0715277777778 0.999934330038 1.0 
-0.0708333333333 0.999893312939 1.0 
-0.0701388888889 1.00005866131 1.0 
-0.0694444444444 0.99996129695 1.0 
-0.06875 0.999843740508 1.0 
-0.0680555555556 0.999965347091 1.0 
-0.0673611111111 0.999857639076 1.0 
-0.0666666666667 1.00003323452 1.0 
-0.0659722222222 1.00004567942 1.0 
-0.0652777777778 1.00005444614 1.0 
-0.0645833333333 0.999999146203 1.0 
-0.0638888888889 1.00013017255 1.0 
-0.0631944444444 1.00013066293 1.0 
-0.0625 1.00004600681 1.0 
-0.0618055555556 0.999920438435 1.0 
-0.0611111111111 1.00005634148 1.0 
-0.0604166666667 1.00019703379 1.0 
-0.0597222222222 1.0001003223 1.0 
-0.0590277777778 1.00003296618 1.0 
-0.0583333333333 0.999902875051 1.0 
-0.0576388888889 1.00002613181 1.0 
-0.0569444444444 0.999935572833 1.0 
-0.05625 0.999960675047 1.0 
-0.0555555555556 0.999969889218 1.0 
-0.0548611111111 1.00007446396 1.0 
-0.0541666666667 0.999884057949 1.0 
-0.0534722222222 1.00000353073 1.0 
-0.0527777777778 0.999823465857 1.0 
-0.0520833333333 0.999934079591 1.0 
-0.0513888888889 0.999925959202 1.0 
-0.0506944444444 1.00002216188 1.0 
-0.05 0.999962709709 1.0 
-0.0493055555556 0.999882716055 1.0 
-0.0486111111111 0.99994693291 1.0 
-0.0479166666667 0.999968073363 1.0 
-0.0472222222222 1.00018392221 1.0 
-0.0465277777778 0.999896831894 1.0 
-0.0458333333333 1.00006285729 1.0 
-0.0451388888889 0.999933016484 1.0 
-0.0444444444444 1.00006388738 1.0 
-0.04375 1.00000938294 1.0 
-0.0430555555556 1.00015385092 1.0 
-0.0423611111111 1.0000186393 1.0 
-0.0416666666667 0.999891609649 1.0 
-0.0409722222222 0.999997770813 1.0 
-0.0402777777778 1.0000140716 1.0 
-0.0395833333333 0.999909609241 1.0 
-0.0388888888889 0.999891517326 1.0 
-0.0381944444444 0.999982281789 1.0 
-0.0375 1.00006828563 1.0 
-0.0368055555556 0.999936705387 1.0 
-0.0361111111111 0.999906550435 1.0 
-0.0354166666667 0.999964494616 1.0 
-0.0347222222222 1.00010189107 1.0 
-0.0340277777778 0.999949318363 1.0 
-0.0333333333333 1.00003476952 1.0 
-0.0326388888889 1.00010460418 1.0 
-0.0319444444444 1.00009626831 1.0 
-0.03125 0.999830856932 1.0 
-0.0305555555556 0.999884002652 1.0 
-0.0298611111111 0.999952100103 1.0 
-0.0291666666667 1.00013915209 1.0 
-0.0284722222222 1.00002601349 1.0 
-0.0277777777778 0.999924601526 1.0 
-0.0270833333333 1.00011109255 1.0 
-0.0263888888889 1.0000695907 1.0 
-0.0256944444444 0.999895860639 1.0 
-0.025 0.999899342223 1.0 
-0.0243055555556 0.999920390701 1.0 
-0.0236111111111 1.00010218307 1.0 
-0.0229166666667 0.999885057675 1.0 
-0.0222222222222 1.00007083737 1.0 
-0.0215277777778 1.00008103356 1.0 
-0.0208333333333 1.00014183357 1.0 
-0.0201388888889 1.00006126617 1.0 
-0.0194444444444 1.00001026598 1.0 
-0.01875 0.999836675432 1.0 
-0.0180555555556 0.999943622128 1.0 
-0.0173611111111 1.00007648252 1.0 
-0.0166666666667 0.999884191687 1.0 
-0.0159722222222 1.00008146612 1.0 
-0.0152777777778 1.00003895176 1.0 
-0.0145833333333 1.00000699537 1.0 
-0.0138888888889 1.00020031223 1.0 
-0.0131944444444 0.999944309369 1.0 
-0.0125 0.999914492868 1.0 
-0.0118055555556 1.00013728401 1.0 
-0.0111111111111 0.999905550996 1.0 
-0.0104166666667 1.00011493752 1.0 
-0.00972222222222 0.999838415539 1.0 
-0.00902777777778 1.00006469407 1.0 
-0.00833333333333 1.00008063604 1.0 
-0.00763888888889 0.999955720456 1.0 
-0.00694444444444 1.00006061142 1.0 
-0.00625 0.999981853583 1.0 
-0.00555555555556 1.00014776683 1.0 
-0.00486111111111 1.00013672039 1.0 
-0.00416666666667 1.00001628363 1.0 
-0.00347222222222 1.00007221638 1.0 
-0.00277777777778 1.00004463825 1.0 
-0.00208333333333 1.00007743951 1.0 
-0.00138888888889 0.99982818217 1.0 
-0.000694444444445 1.00012017388 1.0 
-3.33066907388e-16 1.00014053911 1.0 
0.000694444444444 0.9999207874 1.0 
0.00138888888889 1.00021406749 1.0 
0.00208333333333 1.00009007964 1.0 
0.00277777777778 0.999848527574 1.0 
0.00347222222222 1.00004101836 1.0 
0.00416666666667 1.00002481393 1.0 
0.00486111111111 1.0001663919 1.0 
0.00555555555556 0.999966595087 1.0 
0.00625 1.00015085126 1.0 
0.00694444444444 0.999989350871 1.0 
0.00763888888889 1.000110081 1.0 
0.00833333333333 1.00000241904 1.0 
0.00902777777778 0.999976385134 1.0 
0.00972222222222 0.999993460508 1.0 
0.0104166666667 0.999888351152 1.0 
0.0111111111111 0.999899517838 1.0 
0.0118055555556 1.00004320579 1.0 
0.0125 0.999985708817 1.0 
0.0131944444444 0.999923196081 1.0 
0.0138888888889 0.999974779706 1.0 
0.0145833333333 1.00014522009 1.0 
0.0152777777778 0.999879915473 1.0 
0.0159722222222 0.999926146862 1.0 
0.0166666666667 0.99992951297 1.0 
0.0173611111111 0.999951075912 1.0 
0.0180555555556 1.00008184118 1.0 
0.01875 1.0000855805 1.0 
0.0194444444444 0.999968585699 1.0 
0.0201388888889 1.00007355782 1.0 
0.0208333333333 1.00006795591 1.0 
0.0215277777778 1.00005147531 1.0 
0.0222222222222 0.999978387102 1.0 
0.0229166666667 1.00002969542 1.0 
0.0236111111111 1.00000033124 1.0 
0.0243055555556 1.00002131137 1.0 
0.025 1.00001784671 1.0 
0.0256944444444 1.00010742345 1.0 
0.0263888888889 0.99983214623 1.0 
0.0270833333333 0.999939267452 1.0 
0.0277777777778 0.999945859305 1.0 
0.0284722222222 0.999890382707 1.0 
0.0291666666667 0.999827224409 1.0 
0.0298611111111 0.999954469763 1.0 
0.0305555555556 1.00007201887 1.0 
0.03125 1.00001610539 1.0 
0.0319444444444 0.999922546779 1.0 
0.0326388888889 1.00007432035 1.0 
0.0333333333333 0.999885323292 1.0 
0.0340277777778 0.999917592489 1.0 
0.0347222222222 1.0000622566 1.0 
0.0354166666667 0.999980428623 1.0 
0.0361111111111 0.999954423939 1.0 
0.0368055555556 0.999934679039 1.0 
0.0375 0.999979516854 1.0 
0.0381944444444 1.00000767354 1.0 
0.0388888888889 1.0001917159 1.0 
0.0395833333333 1.00000391201 1.0 
0.0402777777778 1.00009340307 1.0 
0.0409722222222 1.00002564363 1.0 
0.0416666666667 1.00006639604 1.0 
0.0423611111111 1.00003689956 1.0 
0.0430555555556 0.999935573443 1.0 
0.04375 0.999884482114 1.0 
0.0444444444444 1.00003603491 1.0 
0.0451388888889 1.00008148945 1.0 
0.0458333333333 1.00013007179 1.0 
0.0465277777778 1.00005811656 1.0 
0.0472222222222 1.00012593187 1.0 
0.0479166666667 1.00007557279 1.0 
0.0486111111111 0.999876396071 1.0 
0.0493055555556 0.99998721716 1.0 
0.05 0.999989754673 1.0 
0.0506944444444 0.999896399943 1.0 
0.0513888888889 1.00000767429 1.0 
0.0520833333333 1.00001097599 1.0 
0.0527777777778 0.999817204752 1.0 
0.0534722222222 1.00013213836 1.0 
0.0541666666667 1.00016126471 1.0 
0.0548611111111 0.99976191913 1.0 
0.0555555555556 1.00007249436 1.0 
0.05625 1.00003461027 1.0 
0.0569444444444 0.999824296778 1.0 
0.0576388888889 0.999973226304 1.0 
0.0583333333333 0.999941956363 1.0 
0.0590277777778 0.999988976788 1.0 
0.0597222222222 0.999930697066 1.0 
0.0604166666667 0.999983983745 1.0 
0.0611111111111 0.999925405795 1.0 
0.0618055555556 1.00023914177 1.0 
0.0625 1.00010757723 1.0 
0.0631944444444 0.99997669056 1.0 
0.0638888888889 1.00018633534 1.0 
0.0645833333333 1.00013097342 1.0 
0.0652777777778 0.99994670513 1.0 
0.0659722222222 1.00004897373 1.0 
0.0666666666667 0.999994023012 1.0 
0.0673611111111 0.999929474469 1.0 
0.0680555555556 1.0000232596 1.0 
0.06875 0.99994790273 1.0 
0.0694444444444 0.999979845441 1.0 
0.0701388888889 0.999983620323 1.0 
0.0708333333333 0.999933142495 1.0 
0.0715277777778 0.999946199746 1.0 
0.0722222222222 0.999999007629 1.0 
0.0729166666667 0.999833766946 1.0 
0.0736111111111 1.00019635328 1.0 
0.0743055555556 0.999995782299 1.0 
0.075 1.00000609261 1.0 
0.0756944444444 0.999990310759 1.0 
0.0763888888889 1.00006034558 1.0 
0.0770833333333 0.999934028137 1.0 
0.0777777777778 0.999980583127 1.0 
0.0784722222222 1.0000312855 1.0 
0.0791666666667 1.00006703378 1.0 
0.0798611111111 1.00007275293 1.0 
0.0805555555556 1.00008035391 1.0 
0.08125 0.9998679114 1.0 
0.0819444444444 1.00013422194 1.0 
0.0826388888889 1.00012808968 1.0 
0.0833333333333 0.999890097624 1.0 
0.0840277777778 0.999883412186 1.0 
0.0847222222222 1.00003488645 1.0 
0.0854166666667 1.00006055578 1.0 
0.0861111111111 1.00004331423 1.0 
0.0868055555556 1.00007460205 1.0 
0.0875 1.00012505455 1.0 
0.0881944444444 0.999903751862 1.0 
0.0888888888889 1.00000761399 1.0 
0.0895833333333 1.00010442439 1.0 
0.0902777777778 0.999987915843 1.0 
0.0909722222222 1.00002286934 1.0 
0.0916666666667 0.999978516635 1.0 
0.0923611111111 0.999842902915 1.0 
0.0930555555556 1.00011299411 1.0 
0.09375 1.00008404658 1.0 
0.0944444444444 0.9999199331 1.0 
0.0951388888889 0.999884252998 1.0 
0.0958333333333 0.999915599831 1.0 
0.0965277777778 0.999918287847 1.0 
0.0972222222222 1.00005710809 1.0 
0.0979166666667 1.00003686837 1.0 
0.0986111111111 1.00002280483 1.0 
0.0993055555556 0.999874695201 1.0 
0.1 1.00012252782 1.0 
0.100694444444 1.00004554898 1.0 
0.101388888889 0.99994340295 1.0 
0.102083333333 1.00014880613 1.0 
0.102777777778 0.999884102374 1.0 
0.103472222222 1.00006497125 1.0 
0.104166666667 1.00007779099 1.0 
0.104861111111 0.999980537647 1.0 
0.105555555556 1.00002728308 1.0 
0.10625 0.999963350784 1.0 
0.106944444444 0.999933068309 1.0 
0.107638888889 0.999878370213 1.0 
0.108333333333 1.00004222567 1.0 
0.109027777778 0.999860908683 1.0 
0.109722222222 1.00007405192 1.0 
0.110416666667 1.00002357328 1.0 
0.111111111111 0.999946016439 1.0 
0.111805555556 0.999958055705 1.0 
0.1125 1.00016007983 1.0 
0.113194444444 0.999880336491 1.0 
0.113888888889 0.999939551094 1.0 
0.114583333333 0.99997213741 1.0 
0.115277777778 1.00010903876 1.0 
0.115972222222 0.999858816178 1.0 
0.116666666667 0.999918902545 1.0 
0.117361111111 1.00001602215 1.0 
0.118055555556 0.999782782541 1.0 
0.11875 0.999884094658 1.0 
0.119444444444 0.999906222753 1.0 
0.120138888889 1.00004376476 1.0 
0.120833333333 1.00000472518 1.0 
0.121527777778 1.00016742629 1.0 
0.122222222222 1.00014905917 1.0 
0.122916666667 0.999837655696 1.0 
0.123611111111 0.999978912058 1.0 
0.124305555556 0.999967812195 1.0 
0.125 1.0000531066 1.0 
0.125694444444 1.00017113978 1.0 
0.126388888889 1.00006068441 1.0 
0.127083333333 0.999881539089 1.0 
0.127777777778 0.999885631075 1.0 
0.128472222222 1.00019241633 1.0 
0.129166666667 1.00013458592 1.0 
0.129861111111 0.999929707986 1.0 
0.130555555556 1.0000788025 1.0 
0.13125 0.999957835493 1.0 
0.131944444444 1.0001247982 1.0 
0.132638888889 1.00006191897 1.0 
0.133333333333 0.999959760063 1.0 
0.134027777778 1.00002828333 1.0 
0.134722222222 1.00006574373 1.0 
0.135416666667 0.999955521132 1.0 
0.136111111111 0.999910719408 1.0 
0.136805555556 0.999947891604 1.0 
0.1375 0.999961244393 1.0 
0.138194444444 1.00018186209 1.0 
0.138888888889 1.00010466647 1.0 
0.139583333333 1.00007882178 1.0 
0.140277777778 0.99982645354 1.0 
0.140972222222 0.999975536006 1.0 
0.141666666667 1.00015302188 1.0 
0.142361111111 1.00003329799 1.0 
0.143055555556 1.00001836397 1.0 
0.14375 1.00004155309 1.0 
0.144444444444 0.999959695905 1.0 
0.145138888889 1.00000393771 1.0 
0.145833333333 1.00003487308 1.0 
0.146527777778 0.999905962616 1.0 
0.147222222222 1.00000319919 1.0 
0.147916666667 0.99999089783 1.0 
0.148611111111 0.999865680245 1.0 
0.149305555556 1.00020368435 1.0 
0.15 0.999864704139 1.0 
0.150694444444 0.999972369513 1.0 
0.151388888889 0.999937921586 1.0 
0.152083333333 1.00005172036 1.0 
0.152777777778 0.999979417711 1.0 
0.153472222222 0.999933456909 1.0 
0.154166666667 1.00000034469 1.0 
0.154861111111 1.00007294908 1.0 
0.155555555556 1.00014295913 1.0 
0.15625 1.0000244881 1.0 
0.156944444444 0.99996938852 1.0 
0.157638888889 1.0001475883 1.0 
0.158333333333 1.00015694202 1.0 
0.159027777778 1.00002834193 1.0 
0.159722222222 0.999835410708 1.0 
0.160416666667 1.00009315115 1.0 
0.161111111111 0.99985773902 1.0 
0.161805555556 0.999965688613 1.0 
0.1625 1.00001896217 1.0 
0.163194444444 1.00006582673 1.0 
0.163888888889 1.00010758568 1.0 
0.164583333333 0.999980347592 1.0 
0.165277777778 1.00002718264 1.0 
0.165972222222 1.00024066288 1.0 
0.166666666667 0.999874529224 1.0 
0.167361111111 1.00006546793 1.0 
0.168055555556 1.00002920788 1.0 
0.16875 0.999955332575 1.0 
0.169444444444 1.00001181094 1.0 
0.170138888889 1.00006578069 1.0 
0.170833333333 0.999921024804 1.0 
0.171527777778 0.999989801622 1.0 
0.172222222222 0.999940487516 1.0 
0.172916666667 0.999874547356 1.0 
0.173611111111 1.00006572739 1.0 
0.174305555556 1.00004837094 1.0 
0.175 1.00017714601 1.0 
0.175694444444 0.999840192032 1.0 
0.176388888889 0.999820217818 1.0 
0.177083333333 0.999811640441 1.0 
0.177777777778 0.999900473615 1.0 
0.178472222222 0.999946246494 1.0 
0.179166666667 0.999995579759 1.0 
0.179861111111 1.00020793367 1.0 
0.180555555556 1.00016863789 1.0 
0.18125 1.00000221366 1.0 
0.181944444444 0.999966577216 1.0 
0.182638888889 0.99997307982 1.0 
0.183333333333 0.999983649511 1.0 
0.184027777778 1.00006414617 1.0 
0.184722222222 1.00023267573 1.0 
0.185416666667 0.99999660141 1.0 
0.186111111111 0.999854200225 1.0 
0.186805555556 1.00014827222 1.0 
0.1875 0.999886377137 1.0 
0.188194444444 0.999968321839 1.0 
0.188888888889 0.999926269931 1.0 
0.189583333333 1.00003283768 1.0 
0.190277777778 0.999834160939 1.0 
0.190972222222 0.999905214578 1.0 
0.191666666667 0.999839864451 1.0 
0.192361111111 0.999963164763 1.0 
0.193055555556 0.999961671541 1.0 
0.19375 1.00003982855 1.0 
0.194444444444 0.999996238664 1.0 
0.195138888889 1.00004194865 1.0 
0.195833333333 1.00002719694 1.0 
0.196527777778 0.999964524407 1.0 
0.197222222222 0.999814284155 1.0 
0.197916666667 1.00008161109 1.0 
0.198611111111 0.999920970614 1.0 
0.199305555556 0.999724235489 1.0 
0.2 1.00032128131 1.0 
0.200694444444 0.999853906547 1.0 
0.201388888889 0.999889305311 1.0 
0.202083333333 1.00000742185 1.0 
0.202777777778 1.00002970433 1.0 
0.203472222222 1.00002524143 1.0 
0.204166666667 1.00001120943 1.0 
0.204861111111 0.999990883927 1.0 
0.205555555556 1.00031222507 1.0 
0.20625 0.999959097542 1.0 
0.206944444444 0.999861604641 1.0 
0.207638888889 0.999970920294 1.0 
0.208333333333 0.999996059323 1.0 
0.209027777778 1.00008922225 1.0 
0.209722222222 1.00000145322 1.0 
0.210416666667 0.999938675833 1.0 
0.211111111111 1.00002899555 1.0 
0.211805555556 1.0000810294 1.0 
0.2125 1.00003559704 1.0 
0.213194444444 0.999865835559 1.0 
0.213888888889 0.999956965701 1.0 
0.214583333333 0.999899261212 1.0 
0.215277777778 1.00008404541 1.0 
0.215972222222 1.00005993095 1.0 
0.216666666667 1.00003142909 1.0 
0.217361111111 0.999886704447 1.0 
0.218055555556 0.999681473188 1.0 
0.21875 0.999953729844 1.0 
0.219444444444 0.999844242724 1.0 
0.220138888889 0.999780074175 1.0 
0.220833333333 0.999762913018 1.0 
0.221527777778 0.999584265043 1.0 
0.222222222222 0.99959842426 1.0 
0.222916666667 0.999523275469 1.0 
0.223611111111 0.999662237373 1.0 
0.224305555556 0.999384549374 1.0 
0.225 0.99941071751 1.0 
0.225694444444 0.999159919858 1.0 
0.226388888889 0.999412141847 1.0 
0.227083333333 0.999119398593 1.0 
0.227777777778 0.999049039708 1.0 
0.228472222222 0.998980642579 1.0 
0.229166666667 0.998825902069 1.0 
0.229861111111 0.998739456726 1.0 
0.230555555556 0.998674788641 1.0 
0.23125 0.998452705304 1.0 
0.231944444444 0.998400647471 1.0 
0.232638888889 0.998443788985 1.0 
0.233333333333 0.998405487794 1.0 
0.234027777778 0.998263881321 1.0 
0.234722222222 0.99798434377 1.0 
0.235416666667 0.997918597471 1.0 
0.236111111111 0.998083765266 1.0 
0.236805555556 0.997847472951 1.0 
0.2375 0.997685380188 1.0 
0.238194444444 0.997487791445 1.0 
0.238888888889 0.9975588132 1.0 
0.239583333333 0.997417198307 1.0 
0.240277777778 0.997248276214 1.0 
0.240972222222 0.997189446032 1.0 
0.241666666667 0.997072815016 1.0 
0.242361111111 0.99696700413 1.0 
0.243055555556 0.996687929156 1.0 
0.24375 0.996646699847 1.0 
0.244444444444 0.996699493333 1.0 
0.245138888889 0.996507935218 1.0 
0.245833333333 0.996369696646 1.0 
0.246527777778 0.996277323176 1.0 
0.247222222222 0.996191296206 1.0 
0.247916666667 0.995991123791 1.0 
0.248611111111 0.996137800009 1.0 
0.249305555556 0.995799207275 1.0 
0.25 0.995610234374 1.0 
0.250694444444 0.995690317621 1.0 
0.251388888889 0.995602298201 1.0 
0.252083333333 0.995403338805 1.0 
0.252777777778 0.995118959874 1.0 
0.253472222222 0.995059439443 1.0 
0.254166666667 0.994951173975 1.0 
0.254861111111 0.994911661346 1.0 
0.255555555556 0.994827862106 1.0 
0.25625 0.994563043567 1.0 
0.256944444444 0.994366016543 1.0 
0.257638888889 0.99430241836 1.0 
0.258333333333 0.994332563439 1.0 
0.259027777778 0.994119874754 1.0 
0.259722222222 0.99414649245 1.0 
0.260416666667 0.993768451578 1.0 
0.261111111111 0.994018305826 1.0 
0.261805555556 0.993696174902 1.0 
0.2625 0.993538090199 1.0 
0.263194444444 0.993294973463 1.0 
0.263888888889 0.99336718064 1.0 
0.264583333333 0.993202513034 1.0 
0.265277777778 0.993031298188 1.0 
0.265972222222 0.993165913811 1.0 
0.266666666667 0.992842195578 1.0 
0.267361111111 0.992774080303 1.0 
0.268055555556 0.992451919638 1.0 
0.26875 0.992605567736 1.0 
0.269444444444 0.992671780499 1.0 
0.270138888889 0.992186341742 1.0 
0.270833333333 0.992365463313 1.0 
0.271527777778 0.992331061457 1.0 
0.272222222222 0.992196076314 1.0 
0.272916666667 0.991793328851 1.0 
0.273611111111 0.991788383132 1.0 
0.274305555556 0.991737440536 1.0 
0.275 0.991750551859 1.0 
0.275694444444 0.991844557013 1.0 
0.276388888889 0.991672875298 1.0 
0.277083333333 0.99157008134 1.0 
0.277777777778 0.991623796631 1.0 
0.278472222222 0.991392435824 1.0 
0.279166666667 0.991411303138 1.0 
0.279861111111 0.991311800062 1.0 
0.280555555556 0.991438050608 1.0 
0.28125 0.991283054714 1.0 
0.281944444444 0.991167189002 1.0 
0.282638888889 0.991210418946 1.0 
0.283333333333 0.991110041492 1.0 
0.284027777778 0.991074684761 1.0 
0.284722222222 0.991185976515 1.0 
0.285416666667 0.991041406296 1.0 
0.286111111111 0.991135198148 1.0 
0.286805555556 0.991088232585 1.0 
0.2875 0.991123527833 1.0 
0.288194444444 0.990971761348 1.0 
0.288888888889 0.990907618525 1.0 
0.289583333333 0.990860124423 1.0 
0.290277777778 0.990876594171 1.0 
0.290972222222 0.990609229065 1.0 
0.291666666667 0.990703423267 1.0 
0.292361111111 0.990898200017 1.0 
0.293055555556 0.990880889697 1.0 
0.29375 0.991053841337 1.0 
0.294444444444 0.990859643906 1.0 
0.295138888889 0.990810324426 1.0 
0.295833333333 0.99084580581 1.0 
0.296527777778 0.990871122948 1.0 
0.297222222222 0.990596251366 1.0 
0.297916666667 0.990771259079 1.0 
0.298611111111 0.99046312004 1.0 
0.299305555556 0.990541655694 1.0 
0.3 0.990528320242 1.0 
0.300694444444 0.990600263065 1.0 
0.301388888889 0.990465847901 1.0 
0.302083333333 0.990552953815 1.0 
0.302777777778 0.990430047281 1.0 
0.303472222222 0.990414954321 1.0 
0.304166666667 0.99049308074 1.0 
0.304861111111 0.990512681902 1.0 
0.305555555556 0.990411275366 1.0 
0.30625 0.990463605742 1.0 
0.306944444444 0.990522110777 1.0 
0.307638888889 0.990415607785 1.0 
0.308333333333 0.990344352811 1.0 
0.309027777778 0.990483032389 1.0 
0.309722222222 0.99041681129 1.0 
0.310416666667 0.990238208721 1.0 
0.311111111111 0.990329356039 1.0 
0.311805555556 0.990228742812 1.0 
0.3125 0.990361323089 1.0 
0.313194444444 0.990180911728 1.0 
0.313888888889 0.990232661628 1.0 
0.314583333333 0.990085650958 1.0 
0.315277777778 0.990211130969 1.0 
0.315972222222 0.990397244646 1.0 
0.316666666667 0.990022026092 1.0 
0.317361111111 0.990059695791 1.0 
0.318055555556 0.990263455039 1.0 
0.31875 0.990118514325 1.0 
0.319444444444 0.989910950557 1.0 
0.320138888889 0.989855559163 1.0 
0.320833333333 0.990106695648 1.0 
0.321527777778 0.990016349064 1.0 
0.322222222222 0.990065854279 1.0 
0.322916666667 0.989925794046 1.0 
0.323611111111 0.990081097769 1.0 
0.324305555556 0.989902175854 1.0 
0.325 0.990266756475 1.0 
0.325694444444 0.989871200316 1.0 
0.326388888889 0.989984412267 1.0 
0.327083333333 0.990031139066 1.0 
0.327777777778 0.989861059487 1.0 
0.328472222222 0.990094554515 1.0 
0.329166666667 0.989963192472 1.0 
0.329861111111 0.989959065464 1.0 
0.330555555556 0.989939255001 1.0 
0.33125 0.989703513622 1.0 
0.331944444444 0.989876143022 1.0 
0.332638888889 0.989762397423 1.0 
0.333333333333 0.989803327028 1.0 
0.334027777778 0.989738290946 1.0 
0.334722222222 0.989860767214 1.0 
0.335416666667 0.990030794496 1.0 
0.336111111111 0.989949400337 1.0 
0.336805555556 0.989892467955 1.0 
0.3375 0.989915702905 1.0 
0.338194444444 0.989868853879 1.0 
0.338888888889 0.989726224155 1.0 
0.339583333333 0.989621102279 1.0 
0.340277777778 0.989688050768 1.0 
0.340972222222 0.989978475914 1.0 
0.341666666667 0.989738570141 1.0 
0.342361111111 0.989785989619 1.0 
0.343055555556 0.989607021199 1.0 
0.34375 0.989562943456 1.0 
0.344444444444 0.989863530632 1.0 
0.345138888889 0.989775711665 1.0 
0.345833333333 0.989867606805 1.0 
0.346527777778 0.989736703067 1.0 
0.347222222222 0.989531449018 1.0 
0.347916666667 0.989679128214 1.0 
0.348611111111 0.98965741651 1.0 
0.349305555556 0.989713806673 1.0 
0.35 0.989697747163 1.0 
0.350694444444 0.989596602113 1.0 
0.351388888889 0.9896384188 1.0 
0.352083333333 0.989543633358 1.0 
0.352777777778 0.989394285507 1.0 
0.353472222222 0.989536540748 1.0 
0.354166666667 0.989584471475 1.0 
0.354861111111 0.989447285839 1.0 
0.355555555556 0.98948398559 1.0 
0.35625 0.989561783193 1.0 
0.356944444444 0.989395847589 1.0 
0.357638888889 0.98945427101 1.0 
0.358333333333 0.989686897969 1.0 
0.359027777778 0.989632194483 1.0 
0.359722222222 0.989506751444 1.0 
0.360416666667 0.98950072801 1.0 
0.361111111111 0.989444996337 1.0 
0.361805555556 0.989532678167 1.0 
0.3625 0.989690475307 1.0 
0.363194444444 0.989506393815 1.0 
0.363888888889 0.989611739187 1.0 
0.364583333333 0.989466181043 1.0 
0.365277777778 0.989581298624 1.0 
0.365972222222 0.989652334503 1.0 
0.366666666667 0.98944137017 1.0 
0.367361111111 0.989465601573 1.0 
0.368055555556 0.989353150049 1.0 
0.36875 0.989483094569 1.0 
0.369444444444 0.989441975667 1.0 
0.370138888889 0.989163225691 1.0 
0.370833333333 0.989165954039 1.0 
0.371527777778 0.989529118945 1.0 
0.372222222222 0.989396500531 1.0 
0.372916666667 0.989440040299 1.0 
0.373611111111 0.989544662469 1.0 
0.374305555556 0.989206472323 1.0 
0.375 0.989359816985 1.0 
0.375694444444 0.989428296859 1.0 
0.376388888889 0.989364283768 1.0 
0.377083333333 0.989549060295 1.0 
0.377777777778 0.989372310956 1.0 
0.378472222222 0.989229886646 1.0 
0.379166666667 0.989310853566 1.0 
0.379861111111 0.989389052314 1.0 
0.380555555556 0.98946897158 1.0 
0.38125 0.989445665753 1.0 
0.381944444444 0.989356708742 1.0 
0.382638888889 0.989399672454 1.0 
0.383333333333 0.989196358847 1.0 
0.384027777778 0.98936523481 1.0 
0.384722222222 0.989303124213 1.0 
0.385416666667 0.989460708501 1.0 
0.386111111111 0.989309971981 1.0 
0.386805555556 0.989151913278 1.0 
0.3875 0.989449250534 1.0 
0.388194444444 0.989030474898 1.0 
0.388888888889 0.989265453673 1.0 
0.389583333333 0.98924424834 1.0 
0.390277777778 0.989334688466 1.0 
0.390972222222 0.989196416625 1.0 
0.391666666667 0.989192278384 1.0 
0.392361111111 0.989065339357 1.0 
0.393055555556 0.989181568583 1.0 
0.39375 0.989183173218 1.0 
0.394444444444 0.989174997298 1.0 
0.395138888889 0.989305077814 1.0 
0.395833333333 0.989237184046 1.0 
0.396527777778 0.989266008797 1.0 
0.397222222222 0.989195056358 1.0 
0.397916666667 0.989222653875 1.0 
0.398611111111 0.989184059011 1.0 
0.399305555556 0.989115352618 1.0 
0.4 0.989033402602 1.0 
0.400694444444 0.988987465094 1.0 
0.401388888889 0.989156045556 1.0 
0.402083333333 0.989174241158 1.0 
0.402777777778 0.989108093085 1.0 
0.403472222222 0.989119999864 1.0 
0.404166666667 0.989125113613 1.0 
0.404861111111 0.989155393853 1.0 
0.405555555556 0.988945873107 1.0 
0.40625 0.989021393909 1.0 
0.406944444444 0.989295170534 1.0 
0.407638888889 0.98918703224 1.0 
0.408333333333 0.989265538742 1.0 
0.409027777778 0.98909578437 1.0 
0.409722222222 0.988931758249 1.0 
0.410416666667 0.988792822536 1.0 
0.411111111111 0.989163325845 1.0 
0.411805555556 0.989138854686 1.0 
0.4125 0.989108902412 1.0 
0.413194444444 0.98908166424 1.0 
0.413888888889 0.989096050163 1.0 
0.414583333333 0.989088814077 1.0 
0.415277777778 0.989148862064 1.0 
0.415972222222 0.989036225778 1.0 
0.416666666667 0.989343173243 1.0 
0.417361111111 0.989069558944 1.0 
0.418055555556 0.989087957189 1.0 
0.41875 0.988987051808 1.0 
0.419444444444 0.989069075391 1.0 
0.420138888889 0.988902999735 1.0 
0.420833333333 0.989402638343 1.0 
0.421527777778 0.989025641038 1.0 
0.422222222222 0.989021257047 1.0 
0.422916666667 0.989230570826 1.0 
0.423611111111 0.988927154845 1.0 
0.424305555556 0.989090874176 1.0 
0.425 0.989131515914 1.0 
0.425694444444 0.988966120037 1.0 
0.426388888889 0.989017417751 1.0 
0.427083333333 0.989026314347 1.0 
0.427777777778 0.989064665655 1.0 
0.428472222222 0.988963258033 1.0 
0.429166666667 0.988987667947 1.0 
0.429861111111 0.989079598581 1.0 
0.430555555556 0.98894635619 1.0 
0.43125 0.989008427948 1.0 
0.431944444444 0.988918825709 1.0 
0.432638888889 0.988989790776 1.0 
0.433333333333 0.988992650719 1.0 
0.434027777778 0.988891008523 1.0 
0.434722222222 0.989022845717 1.0 
0.435416666667 0.989010274537 1.0 
0.436111111111 0.98900500314 1.0 
0.436805555556 0.988921322844 1.0 
0.4375 0.989059243487 1.0 
0.438194444444 0.98912289743 1.0 
0.438888888889 0.989090440931 1.0 
0.439583333333 0.988889151443 1.0 
0.440277777778 0.988935771757 1.0 
0.440972222222 0.989107531736 1.0 
0.441666666667 0.989092356024 1.0 
0.442361111111 0.988922258235 1.0 
0.443055555556 0.988915812389 1.0 
0.44375 0.989120379512 1.0 
0.444444444444 0.988977497803 1.0 
0.445138888889 0.989023587769 1.0 
0.445833333333 0.989033861616 1.0 
0.446527777778 0.988991011001 1.0 
0.447222222222 0.989064569345 1.0 
0.447916666667 0.988980354186 1.0 
0.448611111111 0.988849621885 1.0 
0.449305555556 0.988903635192 1.0 
0.45 0.98898084124 1.0 
0.450694444444 0.988891539446 1.0 
0.451388888889 0.988875092261 1.0 
0.452083333333 0.989073437933 1.0 
0.452777777778 0.988948199121 1.0 
0.453472222222 0.988751248627 1.0 
0.454166666667 0.988875313627 1.0 
0.454861111111 0.988791226075 1.0 
0.455555555556 0.988847317187 1.0 
0.45625 0.988866519808 1.0 
0.456944444444 0.98877995353 1.0 
0.457638888889 0.988959704822 1.0 
0.458333333333 0.989067003368 1.0 
0.459027777778 0.988829117088 1.0 
0.459722222222 0.98899183359 1.0 
0.460416666667 0.988733805325 1.0 
0.461111111111 0.988966615385 1.0 
0.461805555556 0.988819810233 1.0 
0.4625 0.988783135961 1.0 
0.463194444444 0.988951503178 1.0 
0.463888888889 0.989047716301 1.0 
0.464583333333 0.988966482343 1.0 
0.465277777778 0.988827530146 1.0 
0.465972222222 0.989011349976 1.0 
0.466666666667 0.988681916512 1.0 
0.467361111111 0.988963791031 1.0 
0.468055555556 0.98896539799 1.0 
0.46875 0.988986331919 1.0 
0.469444444444 0.988982717923 1.0 
0.470138888889 0.988852868763 1.0 
0.470833333333 0.989141186087 1.0 
0.471527777778 0.988932909608 1.0 
0.472222222222 0.988920444526 1.0 
0.472916666667 0.989026713736 1.0 
0.473611111111 0.988846133675 1.0 
0.474305555556 0.988904601006 1.0 
0.475 0.988841676177 1.0 
0.475694444444 0.988919577092 1.0 
0.476388888889 0.988801817859 1.0 
0.477083333333 0.988787419434 1.0 
0.477777777778 0.988926905791 1.0 
0.478472222222 0.988735277698 1.0 
0.479166666667 0.988968100133 1.0 
0.479861111111 0.988961560882 1.0 
0.480555555556 0.988893095903 1.0 
0.48125 0.988935483384 1.0 
0.481944444444 0.989003176934 1.0 
0.482638888889 0.988918823014 1.0 
0.483333333333 0.98864100774 1.0 
0.484027777778 0.988609470192 1.0 
0.484722222222 0.988739172922 1.0 
0.485416666667 0.988919810839 1.0 
0.486111111111 0.988807042274 1.0 
0.486805555556 0.988882216733 1.0 
0.4875 0.988803006109 1.0 
0.488194444444 0.989127665092 1.0 
0.488888888889 0.989026112021 1.0 
0.489583333333 0.988915408245 1.0 
0.490277777778 0.988795238785 1.0 
0.490972222222 0.988947812991 1.0 
0.491666666667 0.988788209803 1.0 
0.492361111111 0.98876912256 1.0 
0.493055555556 0.988925789526 1.0 
0.49375 0.988801908568 1.0 
0.494444444444 0.989002449849 1.0 
0.495138888889 0.988643821095 1.0 
0.495833333333 0.988925427098 1.0 
0.496527777778 0.988889476699 1.0 
0.497222222222 0.988885092196 1.0 
0.497916666667 0.988790094738 1.0 
0.498611111111 0.988980845555 1.0 
0.499305555556 0.988890520663 1.0 
0.5 0.988658394535 1.0 
0.500694444444 0.988940906223 1.0 
0.501388888889 0.988923942578 1.0 
0.502083333333 0.988700700636 1.0 
0.502777777778 0.98894318457 1.0 
0.503472222222 0.988779764935 1.0 
0.504166666667 0.988638546699 1.0 
0.504861111111 0.988991889012 1.0 
0.505555555556 0.98876323201 1.0 
0.50625 0.98887889299 1.0 
0.506944444444 0.988818987981 1.0 
0.507638888889 0.988851775534 1.0 
0.508333333333 0.988890418709 1.0 
0.509027777778 0.988996023232 1.0 
0.509722222222 0.988949557474 1.0 
0.510416666667 0.988842644748 1.0 
0.511111111111 0.988847709195 1.0 
0.511805555556 0.988980480715 1.0 
0.5125 0.988771567148 1.0 
0.513194444444 0.988896721349 1.0 
0.513888888889 0.988922702628 1.0 
0.514583333333 0.988928661953 1.0 
0.515277777778 0.988783833377 1.0 
0.515972222222 0.988966722224 1.0 
0.516666666667 0.988954934095 1.0 
0.517361111111 0.988865464397 1.0 
0.518055555556 0.988804082641 1.0 
0.51875 0.989017942071 1.0 
0.519444444444 0.988945878209 1.0 
0.520138888889 0.98892202439 1.0 
0.520833333333 0.988595859817 1.0 
0.521527777778 0.988783023719 1.0 
0.522222222222 0.988792246266 1.0 
0.522916666667 0.988730734219 1.0 
0.523611111111 0.988795744099 1.0 
0.524305555556 0.988913646883 1.0 
0.525 0.988885481488 1.0 
0.525694444444 0.988903440191 1.0 
0.526388888889 0.988893230891 1.0 
0.527083333333 0.988901258314 1.0 
0.527777777778 0.988726159249 1.0 
0.528472222222 0.988830471785 1.0 
0.529166666667 0.988959522287 1.0 
0.529861111111 0.988843148053 1.0 
0.530555555556 0.988901651345 1.0 
0.53125 0.989042571227 1.0 
0.531944444444 0.988764790852 1.0 
0.532638888889 0.988904302256 1.0 
0.533333333333 0.988844317365 1.0 
0.534027777778 0.988820135204 1.0 
0.534722222222 0.988960299213 1.0 
0.535416666667 0.98893900586 1.0 
0.536111111111 0.988832767099 1.0 
0.536805555556 0.989022048933 1.0 
0.5375 0.988791735949 1.0 
0.538194444444 0.988873780361 1.0 
0.538888888889 0.988789148005 1.0 
0.539583333333 0.988905775875 1.0 
0.540277777778 0.988889064007 1.0 
0.540972222222 0.989091447972 1.0 
0.541666666667 0.988977962274 1.0 
0.542361111111 0.988971768301 1.0 
0.543055555556 0.989135121215 1.0 
0.54375 0.988876629935 1.0 
0.544444444444 0.989043244383 1.0 
0.545138888889 0.988992078289 1.0 
0.545833333333 0.988861613848 1.0 
0.546527777778 0.98895782966 1.0 
0.547222222222 0.988819229672 1.0 
0.547916666667 0.988935346164 1.0 
0.548611111111 0.988945811648 1.0 
0.549305555556 0.988962361223 1.0 
0.55 0.988718317303 1.0 
0.550694444444 0.989073407366 1.0 
0.551388888889 0.988988160683 1.0 
0.552083333333 0.988712020483 1.0 
0.552777777778 0.988911018925 1.0 
0.553472222222 0.988919656127 1.0 
0.554166666667 0.989125478129 1.0 
0.554861111111 0.988949222219 1.0 
0.555555555556 0.989188209871 1.0 
0.55625 0.989011533745 1.0 
0.556944444444 0.989118145712 1.0 
0.557638888889 0.988947053442 1.0 
0.558333333333 0.988869735968 1.0 
0.559027777778 0.989048200302 1.0 
0.559722222222 0.988963318826 1.0 
0.560416666667 0.988902738106 1.0 
0.561111111111 0.9888358682 1.0 
0.561805555556 0.988900073577 1.0 
0.5625 0.988990141703 1.0 
0.563194444444 0.98905798491 1.0 
0.563888888889 0.988972243436 1.0 
0.564583333333 0.989127167756 1.0 
0.565277777778 0.989107402016 1.0 
0.565972222222 0.989096584839 1.0 
0.566666666667 0.98902879867 1.0 
0.567361111111 0.989009009539 1.0 
0.568055555556 0.989026618479 1.0 
0.56875 0.988923681824 1.0 
0.569444444444 0.989058655384 1.0 
0.570138888889 0.989091505159 1.0 
0.570833333333 0.989039365548 1.0 
0.571527777778 0.989087593101 1.0 
0.572222222222 0.988838069933 1.0 
0.572916666667 0.9890194023 1.0 
0.573611111111 0.988992603558 1.0 
0.574305555556 0.989056357381 1.0 
0.575 0.989043098982 1.0 
0.575694444444 0.989171766987 1.0 
0.576388888889 0.989015232412 1.0 
0.577083333333 0.989107005021 1.0 
0.577777777778 0.988984508495 1.0 
0.578472222222 0.989028984163 1.0 
0.579166666667 0.989033392924 1.0 
0.579861111111 0.989048925938 1.0 
0.580555555556 0.989063956346 1.0 
0.58125 0.988926456983 1.0 
0.581944444444 0.989131701562 1.0 
0.582638888889 0.989144201691 1.0 
0.583333333333 0.989178837226 1.0 
0.584027777778 0.98896141578 1.0 
0.584722222222 0.989092789578 1.0 
0.585416666667 0.989097771822 1.0 
0.586111111111 0.988977854498 1.0 
0.586805555556 0.989140619529 1.0 
0.5875 0.989137407787 1.0 
0.588194444444 0.989073475282 1.0 
0.588888888889 0.989202027005 1.0 
0.589583333333 0.989020955273 1.0 
0.590277777778 0.988917305256 1.0 
0.590972222222 0.98891395686 1.0 
0.591666666667 0.989303199461 1.0 
0.592361111111 0.989160599912 1.0 
0.593055555556 0.98914830835 1.0 
0.59375 0.989187021983 1.0 
0.594444444444 0.989092510473 1.0 
0.595138888889 0.98915500368 1.0 
0.595833333333 0.989136175338 1.0 
0.596527777778 0.989302151874 1.0 
0.597222222222 0.989074503717 1.0 
0.597916666667 0.989284559502 1.0 
0.598611111111 0.98903205312 1.0 
0.599305555556 0.989193789521 1.0 
0.6 0.989336718905 1.0 
0.600694444444 0.989274193077 1.0 
0.601388888889 0.989155872832 1.0 
0.602083333333 0.989184410794 1.0 
0.602777777778 0.989250422789 1.0 
0.603472222222 0.989443363932 1.0 
0.604166666667 0.989231409249 1.0 
0.604861111111 0.989104935483 1.0 
0.605555555556 0.989209519709 1.0 
0.60625 0.989302346538 1.0 
0.606944444444 0.989145311224 1.0 
0.607638888889 0.98917391193 1.0 
0.608333333333 0.989306510596 1.0 
0.609027777778 0.989244198906 1.0 
0.609722222222 0.989164374732 1.0 
0.610416666667 0.989087912723 1.0 
0.611111111111 0.989052782468 1.0 
0.611805555556 0.989207726035 1.0 
0.6125 0.989152422325 1.0 
0.613194444444 0.989299746461 1.0 
0.613888888889 0.989398418615 1.0 
0.614583333333 0.989413517354 1.0 
0.615277777778 0.989182983332 1.0 
0.615972222222 0.989267816423 1.0 
0.616666666667 0.989374583113 1.0 
0.617361111111 0.989304944369 1.0 
0.618055555556 0.989186564338 1.0 
0.61875 0.989200367021 1.0 
0.619444444444 0.989220368487 1.0 
0.620138888889 0.989247381815 1.0 
0.620833333333 0.989299031485 1.0 
0.621527777778 0.989301589024 1.0 
0.622222222222 0.989411271312 1.0 
0.622916666667 0.989398024164 1.0 
0.623611111111 0.989330972312 1.0 
0.624305555556 0.989398495283 1.0 
0.625 0.989328542242 1.0 
0.625694444444 0.989521920925 1.0 
0.626388888889 0.989319457178 1.0 
0.627083333333 0.989447544963 1.0 
0.627777777778 0.989549851523 1.0 
0.628472222222 0.989461355944 1.0 
0.629166666667 0.989643909749 1.0 
0.629861111111 0.989397061808 1.0 
0.630555555556 0.989607882034 1.0 
0.63125 0.989467411748 1.0 
0.631944444444 0.989565888624 1.0 
0.632638888889 0.98954572834 1.0 
0.633333333333 0.989493386645 1.0 
0.634027777778 0.989455700973 1.0 
0.634722222222 0.989533841722 1.0 
0.635416666667 0.989390675911 1.0 
0.636111111111 0.989573894607 1.0 
0.636805555556 0.989214758334 1.0 
0.6375 0.989577721772 1.0 
0.638194444444 0.989385731781 1.0 
0.638888888889 0.989394823646 1.0 
0.639583333333 0.98940740906 1.0 
0.640277777778 0.989638939377 1.0 
0.640972222222 0.989526680489 1.0 
0.641666666667 0.989488723079 1.0 
0.642361111111 0.989493176358 1.0 
0.643055555556 0.989556944001 1.0 
0.64375 0.98959593458 1.0 
0.644444444444 0.989611395625 1.0 
0.645138888889 0.989544807011 1.0 
0.645833333333 0.989565650734 1.0 
0.646527777778 0.989540479705 1.0 
0.647222222222 0.989614754803 1.0 
0.647916666667 0.989514296227 1.0 
0.648611111111 0.989488912516 1.0 
0.649305555556 0.989515501247 1.0 
0.65 0.989594668444 1.0 
0.650694444444 0.989607835902 1.0 
0.651388888889 0.989616618196 1.0 
0.652083333333 0.989660003784 1.0 
0.652777777778 0.989669336742 1.0 
0.653472222222 0.98952343837 1.0 
0.654166666667 0.98990173451 1.0 
0.654861111111 0.989695816015 1.0 
0.655555555556 0.989760412057 1.0 
0.65625 0.989871184894 1.0 
0.656944444444 0.989852236834 1.0 
0.657638888889 0.989751304453 1.0 
0.658333333333 0.989733084875 1.0 
0.659027777778 0.989770477483 1.0 
0.659722222222 0.989712396291 1.0 
0.660416666667 0.989912810616 1.0 
0.661111111111 0.989882045198 1.0 
0.661805555556 0.989720334013 1.0 
0.6625 0.989790556014 1.0 
0.663194444444 0.989876031416 1.0 
0.663888888889 0.989882972149 1.0 
0.664583333333 0.989903831051 1.0 
0.665277777778 0.989845165059 1.0 
0.665972222222 0.990131418689 1.0 
0.666666666667 0.989918662273 1.0 
0.667361111111 0.989863200187 1.0 
0.668055555556 0.989662494891 1.0 
0.66875 0.989887591117 1.0 
0.669444444444 0.989847619239 1.0 
0.670138888889 0.989992353764 1.0 
0.670833333333 0.989751602166 1.0 
0.671527777778 0.989930842369 1.0 
0.672222222222 0.989842445173 1.0 
0.672916666667 0.989996559572 1.0 
0.673611111111 0.989911561874 1.0 
0.674305555556 0.98993788248 1.0 
0.675 0.989837224198 1.0 
0.675694444444 0.990050955495 1.0 
0.676388888889 0.990300084047 1.0 
0.677083333333 0.990152673585 1.0 
0.677777777778 0.990128851816 1.0 
0.678472222222 0.990032068348 1.0 
0.679166666667 0.990312221333 1.0 
0.679861111111 0.990089441139 1.0 
0.680555555556 0.990171615896 1.0 
0.68125 0.990075259238 1.0 
0.681944444444 0.990230767131 1.0 
0.682638888889 0.99013835479 1.0 
0.683333333333 0.990163824016 1.0 
0.684027777778 0.990172748503 1.0 
0.684722222222 0.990208738478 1.0 
0.685416666667 0.990262195342 1.0 
0.686111111111 0.990390076805 1.0 
0.686805555556 0.990251164232 1.0 
0.6875 0.990286262521 1.0 
0.688194444444 0.99023894181 1.0 
0.688888888889 0.99022350227 1.0 
0.689583333333 0.99032003906 1.0 
0.690277777778 0.990468054828 1.0 
0.690972222222 0.990478840256 1.0 
0.691666666667 0.990325917244 1.0 
0.692361111111 0.990425856329 1.0 
0.693055555556 0.990452785445 1.0 
0.69375 0.990261889089 1.0 
0.694444444444 0.990377520135 1.0 
0.695138888889 0.990593578867 1.0 
0.695833333333 0.990495177272 1.0 
0.696527777778 0.99032051063 1.0 
0.697222222222 0.990417185487 1.0 
0.697916666667 0.990530786791 1.0 
0.698611111111 0.990596740559 1.0 
0.699305555556 0.990492006729 1.0 
0.7 0.990604025726 1.0 
0.700694444444 0.990660599101 1.0 
0.701388888889 0.990789725641 1.0 
0.702083333333 0.990850075737 1.0 
0.702777777778 0.990693022444 1.0 
0.703472222222 0.99072124025 1.0 
0.704166666667 0.990970577245 1.0 
0.704861111111 0.990873224332 1.0 
0.705555555556 0.990716996973 1.0 
0.70625 0.990923241821 1.0 
0.706944444444 0.99078746583 1.0 
0.707638888889 0.990851968421 1.0 
0.708333333333 0.991001718612 1.0 
0.709027777778 0.990982420597 1.0 
0.709722222222 0.990902168823 1.0 
0.710416666667 0.990907007414 1.0 
0.711111111111 0.991024830532 1.0 
0.711805555556 0.990908457435 1.0 
0.7125 0.991090939887 1.0 
0.713194444444 0.991044359466 1.0 
0.713888888889 0.991204086959 1.0 
0.714583333333 0.991019275684 1.0 
0.715277777778 0.991234044068 1.0 
0.715972222222 0.991220984575 1.0 
0.716666666667 0.991166338724 1.0 
0.717361111111 0.991396627798 1.0 
0.718055555556 0.991332873294 1.0 
0.71875 0.991520067584 1.0 
0.719444444444 0.991380650566 1.0 
0.720138888889 0.991351486361 1.0 
0.720833333333 0.991404597836 1.0 
0.721527777778 0.991553800119 1.0 
0.722222222222 0.991632374548 1.0 
0.722916666667 0.991770661677 1.0 
0.723611111111 0.991852883877 1.0 
0.724305555556 0.991824973007 1.0 
0.725 0.991987851461 1.0 
0.725694444444 0.991921203504 1.0 
0.726388888889 0.992012419356 1.0 
0.727083333333 0.992049662023 1.0 
0.727777777778 0.992306089453 1.0 
0.728472222222 0.992390197288 1.0 
0.729166666667 0.992451777775 1.0 
0.729861111111 0.992609834281 1.0 
0.730555555556 0.992634292431 1.0 
0.73125 0.992807447442 1.0 
0.731944444444 0.993007881464 1.0 
0.732638888889 0.992755073013 1.0 
0.733333333333 0.993067644567 1.0 
0.734027777778 0.99324877968 1.0 
0.734722222222 0.993376004373 1.0 
0.735416666667 0.993303362466 1.0 
0.736111111111 0.993391429653 1.0 
0.736805555556 0.993559270046 1.0 
0.7375 0.993568292093 1.0 
0.738194444444 0.993887674179 1.0 
0.738888888889 0.99417008668 1.0 
0.739583333333 0.993975198048 1.0 
0.740277777778 0.994069044074 1.0 
0.740972222222 0.994323034753 1.0 
0.741666666667 0.994277862538 1.0 
0.742361111111 0.994444387891 1.0 
0.743055555556 0.994455980976 1.0 
0.74375 0.994730429504 1.0 
0.744444444444 0.994972624533 1.0 
0.745138888889 0.994866394846 1.0 
0.745833333333 0.994970834001 1.0 
0.746527777778 0.99487883367 1.0 
0.747222222222 0.995312378488 1.0 
0.747916666667 0.995305421659 1.0 
0.748611111111 0.995307151913 1.0 
0.749305555556 0.995648745645 1.0 
0.75 0.99561983587 1.0 
0.750694444444 0.99576261823 1.0 
0.751388888889 0.995980396656 1.0 
0.752083333333 0.996107478606 1.0 
0.752777777778 0.995900299554 1.0 
0.753472222222 0.996223508214 1.0 
0.754166666667 0.99629003608 1.0 
0.754861111111 0.996519819327 1.0 
0.755555555556 0.996560567331 1.0 
0.75625 0.996621880522 1.0 
0.756944444444 0.996748753272 1.0 
0.757638888889 0.996908693367 1.0 
0.758333333333 0.996982530941 1.0 
0.759027777778 0.997035778147 1.0 
0.759722222222 0.997150592591 1.0 
0.760416666667 0.997069957077 1.0 
0.761111111111 0.997281093365 1.0 
0.761805555556 0.997398556626 1.0 
0.7625 0.997402482143 1.0 
0.763194444444 0.997720270484 1.0 
0.763888888889 0.997879522744 1.0 
0.764583333333 0.997825987513 1.0 
0.765277777778 0.997851539921 1.0 
0.765972222222 0.998150263157 1.0 
0.766666666667 0.998188998162 1.0 
0.767361111111 0.998186438802 1.0 
0.768055555556 0.998158376282 1.0 
0.76875 0.998399865643 1.0 
0.769444444444 0.998557583005 1.0 
0.770138888889 0.998617815029 1.0 
0.770833333333 0.998772269067 1.0 
0.771527777778 0.998838863987 1.0 
0.772222222222 0.998913394258 1.0 
0.772916666667 0.998891641296 1.0 
0.773611111111 0.999011980656 1.0 
0.774305555556 0.998951335304 1.0 
0.775 0.999001775346 1.0 
0.775694444444 0.999345331757 1.0 
0.776388888889 0.999062452188 1.0 
0.777083333333 0.999247949733 1.0 
0.777777777778 0.999302765455 1.0 
0.778472222222 0.999465647516 1.0 
0.779166666667 0.999476588258 1.0 
0.779861111111 0.999745695806 1.0 
0.780555555556 0.999708445843 1.0 
0.78125 0.999541182808 1.0 
0.781944444444 0.999747131787 1.0 
0.782638888889 0.999729523093 1.0 
0.783333333333 0.999850609498 1.0 
0.784027777778 0.999927708348 1.0 
0.784722222222 0.999909195405 1.0 
0.785416666667 1.00007611242 1.0 
0.786111111111 0.999909416349 1.0 
0.786805555556 0.999932653376 1.0 
0.7875 1.00006375815 1.0 
0.788194444444 0.999864794768 1.0 
0.788888888889 1.00011487971 1.0 
0.789583333333 0.999981368311 1.0 
0.790277777778 0.99997133532 1.0 
0.790972222222 1.00010486864 1.0 
0.791666666667 0.999808805537 1.0 
0.792361111111 0.999957098656 1.0 
0.793055555556 0.99983172712 1.0 
0.79375 0.999962284399 1.0 
0.794444444444 1.00004946107 1.0 
0.795138888889 1.00004238131 1.0 
0.795833333333 0.999894899615 1.0 
0.796527777778 1.0000374229 1.0 
0.797222222222 1.00013914507 1.0 
0.797916666667 0.999865018421 1.0 
0.798611111111 0.99994086283 1.0 
0.799305555556 0.999774134427 1.0 
0.8 1.00002601511 1.0 
0.800694444444 1.00004104851 1.0 
0.801388888889 1.00012852959 1.0 
0.802083333333 0.999798720336 1.0 
0.802777777778 1.0001066332 1.0 
0.803472222222 1.00009863054 1.0 
0.804166666667 0.999953206455 1.0 
0.804861111111 0.999946560854 1.0 
0.805555555556 1.00007222057 1.0 
0.80625 0.999982703859 1.0 
0.806944444444 1.0000909348 1.0 
0.807638888889 0.999996293506 1.0 
0.808333333333 1.00012978038 1.0 
0.809027777778 0.999947839827 1.0 
0.809722222222 1.00006854845 1.0 
0.810416666667 1.00007697076 1.0 
0.811111111111 0.99988132211 1.0 
0.811805555556 1.00004556498 1.0 
0.8125 1.00009345504 1.0 
0.813194444444 1.00005118107 1.0 
0.813888888889 0.999994270005 1.0 
0.814583333333 0.999907274918 1.0 
0.815277777778 1.00000349252 1.0 
0.815972222222 1.0000562666 1.0 
0.816666666667 1.00006342185 1.0 
0.817361111111 1.00013556512 1.0 
0.818055555556 0.999966271817 1.0 
0.81875 1.00021855888 1.0 
0.819444444444 1.00004142293 1.0 
0.820138888889 0.999909511811 1.0 
0.820833333333 1.00002666774 1.0 
0.821527777778 1.00005553641 1.0 
0.822222222222 0.999913292831 1.0 
0.822916666667 0.999949370001 1.0 
0.823611111111 1.00013307531 1.0 
0.824305555556 0.999920957142 1.0 
0.825 0.999985382166 1.0 
0.825694444444 1.00016074986 1.0 
0.826388888889 0.9999100795 1.0 
0.827083333333 0.999992027153 1.0 
0.827777777778 1.00001939069 1.0 
0.828472222222 0.999947905354 1.0 
0.829166666667 0.999976815631 1.0 
0.829861111111 1.00001881258 1.0 
0.830555555556 1.00000438049 1.0 
0.83125 0.999902232509 1.0 
0.831944444444 0.99982458795 1.0 
0.832638888889 0.999941314742 1.0 
0.833333333333 0.999876448685 1.0 
0.834027777778 0.999823854732 1.0 
0.834722222222 1.00006352781 1.0 
0.835416666667 1.00005536755 1.0 
0.836111111111 1.00002956933 1.0 
0.836805555556 0.999845048813 1.0 
0.8375 1.00007097743 1.0 
0.838194444444 0.999880213024 1.0 
0.838888888889 0.999922128514 1.0 
0.839583333333 1.00008620352 1.0 
0.840277777778 1.00002469894 1.0 
0.840972222222 0.999964011111 1.0 
0.841666666667 0.999898887725 1.0 
0.842361111111 0.999933693043 1.0 
0.843055555556 1.0000659995 1.0 
0.84375 0.999872858086 1.0 
0.844444444444 0.999957580945 1.0 
0.845138888889 0.99998615264 1.0 
0.845833333333 0.999924971765 1.0 
0.846527777778 0.999743858781 1.0 
0.847222222222 1.00017403405 1.0 
0.847916666667 1.00011934083 1.0 
0.848611111111 0.999896487446 1.0 
0.849305555556 0.999896008858 1.0 
0.85 0.999865110145 1.0 
0.850694444444 1.00001647825 1.0 
0.851388888889 1.00019964198 1.0 
0.852083333333 1.00005664617 1.0 
0.852777777778 0.999931910691 1.0 
0.853472222222 1.00006263756 1.0 
0.854166666667 0.99987613684 1.0 
0.854861111111 1.00010063542 1.0 
0.855555555556 1.00005288871 1.0 
0.85625 0.999892672459 1.0 
0.856944444444 0.999936480903 1.0 
0.857638888889 0.999925373649 1.0 
0.858333333333 0.999995597513 1.0 
0.859027777778 1.00015944566 1.0 
0.859722222222 0.999963632131 1.0 
0.860416666667 1.00009918566 1.0 
0.861111111111 1.00012162852 1.0 
0.861805555556 0.999986454784 1.0 
0.8625 0.999910967076 1.0 
0.863194444444 0.999882225775 1.0 
0.863888888889 1.000006107 1.0 
0.864583333333 1.00018999586 1.0 
0.865277777778 0.999922274067 1.0 
0.865972222222 1.00003791983 1.0 
0.866666666667 1.00003092236 1.0 
0.867361111111 0.999999025284 1.0 
0.868055555556 0.999971314542 1.0 
0.86875 0.999892950599 1.0 
0.869444444444 0.999978367293 1.0 
0.870138888889 1.00016072756 1.0 
0.870833333333 1.00005013147 1.0 
0.871527777778 1.00014333154 1.0 
0.872222222222 0.999854640403 1.0 
0.872916666667 1.00000609019 1.0 
0.873611111111 0.999876825574 1.0 
0.874305555556 0.999944197913 1.0 
0.875 0.999950513242 1.0 
0.875694444444 1.00008143507 1.0 
0.876388888889 0.999922787582 1.0 
0.877083333333 0.999839536519 1.0 
0.877777777778 1.00011445781 1.0 
0.878472222222 0.999967670177 1.0 
0.879166666667 1.00012208662 1.0 
0.879861111111 1.00011100726 1.0 
0.880555555556 1.00003195734 1.0 
0.88125 1.00003548942 1.0 
0.881944444444 1.00019784359 1.0 
0.882638888889 0.99985469802 1.0 
0.883333333333 1.00004541107 1.0 
0.884027777778 1.00012290126 1.0 
0.884722222222 0.999943798109 1.0 
0.885416666667 1.00009523075 1.0 
0.886111111111 1.00013931902 1.0 
0.886805555556 0.999858282978 1.0 
0.8875 1.00021334372 1.0 
0.888194444444 1.00003607113 1.0 
0.888888888889 1.00009780634 1.0 
0.889583333333 0.999974756565 1.0 
0.890277777778 0.999923882558 1.0 
0.890972222222 0.999915241776 1.0 
0.891666666667 1.00002965935 1.0 
0.892361111111 1.0000151397 1.0 
0.893055555556 1.00008234558 1.0 
0.89375 1.0000694373 1.0 
0.894444444444 1.00009730974 1.0 
0.895138888889 0.999957804515 1.0 
0.895833333333 1.00017451514 1.0 
0.896527777778 1.00000227297 1.0 
0.897222222222 0.999933095835 1.0 
0.897916666667 0.999931573676 1.0 
0.898611111111 0.999970702222 1.0 
0.899305555556 1.0000507351 1.0 
0.9 0.999957673335 1.0 
0.900694444444 1.00015116327 1.0 
0.901388888889 1.0000122051 1.0 
0.902083333333 0.999878961892 1.0 
0.902777777778 0.999985006923 1.0 
0.903472222222 0.99996097374 1.0 
0.904166666667 0.999854385453 1.0 
0.904861111111 1.00016444779 1.0 
0.905555555556 1.00007334086 1.0 
0.90625 0.99992392493 1.0 
0.906944444444 1.00022471468 1.0 
0.907638888889 1.00018169504 1.0 
0.908333333333 0.999857195299 1.0 
0.909027777778 1.00005676579 1.0 
0.909722222222 1.00014491968 1.0 
0.910416666667 1.00006032372 1.0 
0.911111111111 0.999991142732 1.0 
0.911805555556 1.00004388609 1.0 
0.9125 0.999897386816 1.0 
0.913194444444 1.00004048067 1.0 
0.913888888889 0.999868641673 1.0 
0.914583333333 1.00009246131 1.0 
0.915277777778 1.0001063357 1.0 
0.915972222222 0.999904831746 1.0 
0.916666666667 1.00003819702 1.0 
0.917361111111 0.999987036149 1.0 
0.918055555556 0.999940636619 1.0 
0.91875 1.00014376266 1.0 
0.919444444444 1.00008832682 1.0 
0.920138888889 0.999926985707 1.0 
0.920833333333 0.999593522523 1.0 
0.921527777778 0.999717723947 1.0 
0.922222222222 1.00001864775 1.0 
0.922916666667 0.99993496604 1.0 
0.923611111111 1.00013955913 1.0 
0.924305555556 0.999918214401 1.0 
0.925 1.00000278111 1.0 
0.925694444444 1.00010079467 1.0 
0.926388888889 0.999918580848 1.0 
0.927083333333 0.999987200397 1.0 
0.927777777778 0.999885757459 1.0 
0.928472222222 0.999915390943 1.0 
0.929166666667 0.999907853572 1.0 
0.929861111111 0.999926192731 1.0 
0.930555555556 0.999991952598 1.0 
0.93125 0.999971424152 1.0 
0.931944444444 0.999977822662 1.0 
0.932638888889 0.999993277272 1.0 
0.933333333333 0.999853807834 1.0 
0.934027777778 1.0000994205 1.0 
0.934722222222 0.999922916156 1.0 
0.935416666667 0.99985994935 1.0 
0.936111111111 1.00007809561 1.0 
0.936805555556 1.0000424362 1.0 
0.9375 0.999981659832 1.0 
0.938194444444 1.00000669765 1.0 
0.938888888889 1.00003867966 1.0 
0.939583333333 0.999980245749 1.0 
0.940277777778 1.00003442413 1.0 
0.940972222222 1.00006358745 1.0 
0.941666666667 1.000052632 1.0 
0.942361111111 1.00002413964 1.0 
0.943055555556 1.00001077648 1.0 
0.94375 1.00011181693 1.0 
0.944444444444 0.99998906568 1.0 
0.945138888889 0.999933061726 1.0 
0.945833333333 0.9999854446 1.0 
0.946527777778 1.00000888196 1.0 
0.947222222222 1.0002092452 1.0 
0.947916666667 0.999865938012 1.0 
0.948611111111 1.00007460838 1.0 
0.949305555556 1.00000774623 1.0 
0.95 0.999900968213 1.0 
0.950694444444 0.999943379492 1.0 
0.951388888889 0.999959587972 1.0 
0.952083333333 1.00001326763 1.0 
0.952777777778 0.999900237473 1.0 
0.953472222222 1.00019010047 1.0 
0.954166666667 1.00008850675 1.0 
0.954861111111 1.00013075841 1.0 
0.955555555556 0.999945043752 1.0 
0.95625 1.00000060645 1.0 
0.956944444444 0.999776410634 1.0 
0.957638888889 1.00001026858 1.0 
0.958333333333 0.999913708789 1.0 
0.959027777778 0.99986147247 1.0 
0.959722222222 1.00004730514 1.0 
0.960416666667 1.00006165744 1.0 
0.961111111111 0.999967771439 1.0 
0.961805555556 0.999999507323 1.0 
0.9625 1.00010598573 1.0 
0.963194444444 1.00005018013 1.0 
0.963888888889 0.999932988429 1.0 
0.964583333333 1.0000998107 1.0 
0.965277777778 1.00011901574 1.0 
0.965972222222 0.999927151443 1.0 
0.966666666667 1.00014718345 1.0 
0.967361111111 0.999922543549 1.0 
0.968055555556 0.999997956279 1.0 
0.96875 1.00000170531 1.0 
0.969444444444 1.00006824768 1.0 
0.970138888889 0.999882877839 1.0 
0.970833333333 0.999922901807 1.0 
0.971527777778 1.00004968752 1.0 
0.972222222222 1.00005697894 1.0 
0.972916666667 1.00014987979 1.0 
0.973611111111 1.00016854895 1.0 
0.974305555556 0.999723845053 1.0 
0.975 0.999964165762 1.0 
0.975694444444 1.00003105668 1.0 
0.976388888889 1.00007950505 1.0 
0.977083333333 0.99998962039 1.0 
0.977777777778 0.999881479043 1.0 
0.978472222222 0.999875691847 1.0 
0.979166666667 1.0001388559 1.0 
0.979861111111 1.00001231183 1.0 
0.980555555556 0.999927367309 1.0 
0.98125 1.0000068231 1.0 
0.981944444444 0.99986795269 1.0 
0.982638888889 0.999905766443 1.0 
0.983333333333 0.99996630295 1.0 
0.984027777778 1.00012660943 1.0 
0.984722222222 0.999798055597 1.0 
0.985416666667 1.00012410401 1.0 
0.986111111111 0.999962084466 1.0 
0.986805555556 0.999977552506 1.0 
0.9875 0.999990538143 1.0 
0.988194444444 0.999919792719 1.0 
0.988888888889 0.99993065995 1.0 
0.989583333333 0.999967544788 1.0 
0.990277777778 0.999855107805 1.0 
0.990972222222 1.00002907812 1.0 
0.991666666667 0.999979349527 1.0 
0.992361111111 1.00019917264 1.0 
0.993055555556 1.00002028939 1.0 
0.99375 1.0000779377 1.0 
0.994444444444 0.999883507917 1.0 
0.995138888889 0.999982308537 1.0 
0.995833333333 0.999827756902 1.0 
0.996527777778 0.999928276635 1.0 
0.997222222222 0.999858142715 1.0 
0.997916666667 0.999961598536 1.0 
0.998611111111 1.00000169826 1.0 
0.999305555556 0.999984580742 1.0 
1.0 1.00003887741 1.0 
1.00069444444 1.00029787536 1.0 
1.00138888889 0.999912658922 1.0 
1.00208333333 0.999948438804 1.0 
1.00277777778 0.99989814527 1.0 
1.00347222222 1.00002901842 1.0 
1.00416666667 0.99985741527 1.0 
1.00486111111 0.999821700794 1.0 
1.00555555556 1.00000920071 1.0 
1.00625 1.00002218152 1.0 
1.00694444444 0.99993229067 1.0 
1.00763888889 1.0001048927 1.0 
1.00833333333 1.00008465028 1.0 
1.00902777778 0.999961805785 1.0 
1.00972222222 0.999938891637 1.0 
1.01041666667 1.00006569514 1.0 
1.01111111111 1.00015947753 1.0 
1.01180555556 1.00000044701 1.0 
1.0125 0.999966333801 1.0 
1.01319444444 1.00000084529 1.0 
1.01388888889 1.00000825922 1.0 
1.01458333333 1.0000354815 1.0 
1.01527777778 1.00000015852 1.0 
1.01597222222 1.00003263945 1.0 
1.01666666667 0.999926083451 1.0 
1.01736111111 0.999996256701 1.0 
1.01805555556 1.00010011429 1.0 
1.01875 1.000049766 1.0 
1.01944444444 0.999952667398 1.0 
1.02013888889 1.0000182061 1.0 
1.02083333333 0.999929200103 1.0 
1.02152777778 1.00008941273 1.0 
1.02222222222 1.00005210017 1.0 
1.02291666667 0.999899966075 1.0 
1.02361111111 1.00009379201 1.0 
1.02430555556 0.999900394963 1.0 
1.025 1.00005728559 1.0 
1.02569444444 0.999760605008 1.0 
1.02638888889 1.00004817616 1.0 
1.02708333333 0.999991778447 1.0 
1.02777777778 1.00000042148 1.0 
1.02847222222 1.00004822081 1.0 
1.02916666667 0.999919255573 1.0 
1.02986111111 1.00014638852 1.0 
1.03055555556 0.999929697847 1.0 
1.03125 0.999979183093 1.0 
1.03194444444 1.0002225746 1.0 
1.03263888889 1.00010665902 1.0 
1.03333333333 0.99988025726 1.0 
1.03402777778 0.999977433408 1.0 
1.03472222222 0.999935204566 1.0 
1.03541666667 1.00003693296 1.0 
1.03611111111 0.999928096148 1.0 
1.03680555556 0.999964661458 1.0 
1.0375 0.999933277263 1.0 
1.03819444444 0.99989462786 1.0 
1.03888888889 0.999981340064 1.0 
1.03958333333 0.999821839778 1.0 
1.04027777778 1.00000943153 1.0 
1.04097222222 0.999932288667 1.0 
1.04166666667 0.999981751052 1.0 
1.04236111111 1.00008922175 1.0 
1.04305555556 0.999877976085 1.0 
1.04375 1.00015017578 1.0 
1.04444444444 1.00000048256 1.0 
1.04513888889 0.999964534235 1.0 
1.04583333333 1.00003726328 1.0 
1.04652777778 1.00001937842 1.0 
1.04722222222 0.999945175116 1.0 
1.04791666667 1.0000651618 1.0 
1.04861111111 0.999929953408 1.0 
1.04930555556 0.999883567688 1.0 
1.05 1.00012165395 1.0 
1.05069444444 1.00001965215 1.0 
1.05138888889 0.99993483584 1.0 
1.05208333333 0.999946637787 1.0 
1.05277777778 1.00009973866 1.0 
1.05347222222 1.00017324234 1.0 
1.05416666667 0.999914724847 1.0 
1.05486111111 0.999998527972 1.0 
1.05555555556 1.00003410289 1.0 
1.05625 0.999903473283 1.0 
1.05694444444 1.00009934863 1.0 
1.05763888889 1.00005740888 1.0 
1.05833333333 1.00006130917 1.0 
1.05902777778 0.999937762991 1.0 
1.05972222222 1.00003436677 1.0 
1.06041666667 1.00002380537 1.0 
1.06111111111 0.999909624523 1.0 
1.06180555556 1.00004560019 1.0 
1.0625 1.00006523017 1.0 
1.06319444444 0.99992846421 1.0 
1.06388888889 1.00003230267 1.0 
1.06458333333 0.999985326259 1.0 
1.06527777778 0.99986057644 1.0 
1.06597222222 0.999946805479 1.0 
1.06666666667 1.00009326579 1.0 
1.06736111111 0.999834239604 1.0 
1.06805555556 0.999867616028 1.0 
1.06875 1.00007212542 1.0 
1.06944444444 1.00009381449 1.0 
1.07013888889 1.00009701664 1.0 
1.07083333333 0.999887526611 1.0 
1.07152777778 1.00013555913 1.0 
1.07222222222 0.999873278121 1.0 
1.07291666667 0.999907892576 1.0 
1.07361111111 1.00007173695 1.0 
1.07430555556 0.999992797063 1.0 
1.075 1.00002457947 1.0 
1.07569444444 0.999892826077 1.0 
1.07638888889 0.99990005808 1.0 
1.07708333333 0.999875626038 1.0 
1.07777777778 0.999896508372 1.0 
1.07847222222 0.999841639236 1.0 
1.07916666667 0.999987214732 1.0 
1.07986111111 0.999956985863 1.0 
1.08055555556 0.999841963296 1.0 
1.08125 1.00026208831 1.0 
1.08194444444 1.00016320294 1.0 
1.08263888889 1.00011140393 1.0 
1.08333333333 0.999853351992 1.0 
1.08402777778 1.00006871663 1.0 
1.08472222222 0.999994752846 1.0 
1.08541666667 1.00003238495 1.0 
1.08611111111 1.00005405864 1.0 
1.08680555556 0.999965807713 1.0 
1.0875 1.00004357975 1.0 
1.08819444444 1.00003465078 1.0 
1.08888888889 0.999923684196 1.0 
1.08958333333 1.00001008699 1.0 
1.09027777778 0.999795556045 1.0 
1.09097222222 1.00016247208 1.0 
1.09166666667 1.00009248523 1.0 
1.09236111111 0.999831088283 1.0 
1.09305555556 0.999920738632 1.0 
1.09375 1.00007502071 1.0 
1.09444444444 1.00000154688 1.0 
1.09513888889 0.999929645516 1.0 
1.09583333333 1.00000899823 1.0 
1.09652777778 1.00003477382 1.0 
1.09722222222 1.00019012786 1.0 
1.09791666667 1.00001719668 1.0 
1.09861111111 0.999998471787 1.0 
1.09930555556 0.999921246532 1.0 
1.1 0.999951444546 1.0 
