-0.1 1.00000467384 1.0 
-0.0993055555556 1.00002549433 1.0 
-0.0986111111111 0.999853444923 1.0 
-0.0979166666667 0.999938184361 1.0 
-0.0972222222222 1.00018981476 1.0 
-0.0965277777778 0.999977379425 1.0 
-0.0958333333333 0.999893016756 1.0 
-0.0951388888889 0.999936252153 1.0 
-0.0944444444444 1.00003581772 1.0 
-0.09375 1.00010442484 1.0 
-0.0930555555556 0.999976073843 1.0 
-0.0923611111111 1.00000979233 1.0 
-0.0916666666667 0.999984112121 1.0 
-0.0909722222222 0.999849977046 1.0 
-0.0902777777778 0.999876297884 1.0 
-0.0895833333333 0.999939368432 1.0 
-0.0888888888889 0.999872856474 1.0 
-0.0881944444444 0.99979547314 1.0 
-0.0875 0.999919905779 1.0 
-0.0868055555556 1.00006655573 1.0 
-0.0861111111111 0.999974289204 1.0 
-0.0854166666667 1.00012562489 1.0 
-0.0847222222222 1.00007142784 1.0 
-0.0840277777778 0.999896531394 1.0 
-0.0833333333333 1.00008978913 1.0 
-0.0826388888889 1.00020250162 1.0 
-0.0819444444444 1.00007126398 1.0 
-0.08125 1.00016375074 1.0 
-0.0805555555556 1.00011532065 1.0 
-0.0798611111111 0.999912308077 1.0 
-0.0791666666667 1.00001628941 1.0 
-0.0784722222222 0.999946857159 1.0 
-0.0777777777778 1.00006315005 1.0 
-0.0770833333333 0.999898358663 1.0 
-0.0763888888889 0.999982960586 1.0 
-0.0756944444444 0.999936477259 1.0 
-0.075 1.00001890279 1.0 
-0.0743055555556 0.999997474355 1.0 
-0.0736111111111 1.00005759947 1.0 
-0.0729166666667 0.999980343305 1.0 
-0.0722222222222 1.00025451458 1.0 
-0.0715277777778 1.00005761263 1.0 
-0.0708333333333 1.000188611 1.0 
-0.0701388888889 1.00005490195 1.0 
-0.0694444444444 1.00014046884 1.0 
-0.06875 0.999974653889 1.0 
-0.0680555555556 0.999986542052 1.0 
-0.0673611111111 1.00006542422 1.0 
-0.0666666666667 0.999910419469 1.0 
-0.0659722222222 1.00000383053 1.0 
-0.0652777777778 1.00001239579 1.0 
-0.0645833333333 0.999886782602 1.0 
-0.0638888888889 0.99991477791 1.0 
-0.0631944444444 1.00000363 1.0 
-0.0625 0.999997275311 1.0 
-0.0618055555556 0.999921441062 1.0 
-0.0611111111111 0.999999085773 1.0 
-0.0604166666667 1.00002864399 1.0 
-0.0597222222222 1.00016921732 1.0 
-0.0590277777778 1.00011990881 1.0 
-0.0583333333333 0.999904898905 1.0 
-0.0576388888889 0.999926736091 1.0 
-0.0569444444444 1.00000113184 1.0 
-0.05625 1.00007984428 1.0 
-0.0555555555556 0.99998613155 1.0 
-0.0548611111111 1.00001026211 1.0 
-0.0541666666667 0.999981571719 1.0 
-0.0534722222222 1.00009238456 1.0 
-0.0527777777778 1.00003626694 1.0 
-0.0520833333333 0.999982911112 1.0 
-0.0513888888889 0.999934589292 1.0 
-0.0506944444444 0.999912559019 1.0 
-0.05 0.999978185266 1.0 
-0.0493055555556 1.00001521806 1.0 
-0.0486111111111 0.999863071718 1.0 
-0.0479166666667 1.00001098616 1.0 
-0.0472222222222 1.00004803311 1.0 
-0.0465277777778 0.999888812772 1.0 
-0.0458333333333 0.999895784338 1.0 
-0.0451388888889 1.00004082398 1.0 
-0.0444444444444 0.999980260326 1.0 
-0.04375 0.999958146817 1.0 
-0.0430555555556 1.00011720871 1.0 
-0.0423611111111 0.999945719703 1.0 
-0.0416666666667 0.99982967428 1.0 
-0.0409722222222 0.999945637028 1.0 
-0.0402777777778 0.999987524566 1.0 
-0.0395833333333 0.999915453603 1.0 
-0.0388888888889 1.00009740671 1.0 
-0.0381944444444 0.999948328008 1.0 
-0.0375 1.00002276386 1.0 
-0.0368055555556 1.00002596811 1.0 
-0.0361111111111 1.00007716962 1.0 
-0.0354166666667 0.999907543038 1.0 
-0.0347222222222 1.00012411156 1.0 
-0.0340277777778 0.999936254285 1.0 
-0.0333333333333 0.99994533042 1.0 
-0.0326388888889 1.00003812889 1.0 
-0.0319444444444 1.00002685053 1.0 
-0.03125 0.999955493106 1.0 
-0.0305555555556 1.00003196762 1.0 
-0.0298611111111 0.999890546294 1.0 
-0.0291666666667 0.999975587882 1.0 
-0.0284722222222 1.00003100133 1.0 
-0.0277777777778 0.999934574413 1.0 
-0.0270833333333 0.999944467942 1.0 
-0.0263888888889 0.999758788759 1.0 
-0.0256944444444 0.999980404439 1.0 
-0.025 1.00019082922 1.0 
-0.0243055555556 1.00007982841 1.0 
-0.0236111111111 1.00003311621 1.0 
-0.0229166666667 1.00001817729 1.0 
-0.0222222222222 0.999965024311 1.0 
-0.0215277777778 1.00003597432 1.0 
-0.0208333333333 1.00006797319 1.0 
-0.0201388888889 0.999788100713 1.0 
-0.0194444444444 1.00011355309 1.0 
-0.01875 0.999834540435 1.0 
-0.0180555555556 1.00007809116 1.0 
-0.0173611111111 1.00002538751 1.0 
-0.0166666666667 1.00017454848 1.0 
-0.0159722222222 0.999871810097 1.0 
-0.0152777777778 1.00000124207 1.0 
-0.0145833333333 0.999953147848 1.0 
-0.0138888888889 1.00010837673 1.0 
-0.0131944444444 0.99995301167 1.0 
-0.0125 0.999929847418 1.0 
-0.0118055555556 0.999880067805 1.0 
-0.0111111111111 1.00007768391 1.0 
-0.0104166666667 1.00025263549 1.0 
-0.00972222222222 0.99995026076 1.0 
-0.00902777777778 0.999945300422 1.0 
-0.00833333333333 1.00001896358 1.0 
-0.00763888888889 0.999981931165 1.0 
-0.00694444444444 0.999815404042 1.0 
-0.00625 1.00000806287 1.0 
-0.00555555555556 1.00016162489 1.0 
-0.00486111111111 1.00000813286 1.0 
-0.00416666666667 0.999984074118 1.0 
-0.00347222222222 1.00005112856 1.0 
-0.00277777777778 1.00002960743 1.0 
-0.00208333333333 1.00004973723 1.0 
-0.00138888888889 1.00006389463 1.0 
-0.000694444444445 1.00005463416 1.0 
-3.33066907388e-16 0.999946814654 1.0 
0.000694444444444 1.00000622825 1.0 
0.00138888888889 1.00007131535 1.0 
0.00208333333333 1.00012092898 1.0 
0.00277777777778 0.999988159334 1.0 
0.00347222222222 0.999975782859 1.0 
0.00416666666667 0.999888639316 1.0 
0.00486111111111 0.999952579533 1.0 
0.00555555555556 0.999871957249 1.0 
0.00625 1.00002291889 1.0 
0.00694444444444 0.999899736495 1.0 
0.00763888888889 0.999881108325 1.0 
0.00833333333333 1.00014991786 1.0 
0.00902777777778 0.99994730477 1.0 
0.00972222222222 1.00012832526 1.0 
0.0104166666667 1.00007417659 1.0 
0.0111111111111 1.00017745764 1.0 
0.0118055555556 1.00007873802 1.0 
0.0125 0.999875689283 1.0 
0.0131944444444 1.00007676897 1.0 
0.0138888888889 1.00010522165 1.0 
0.0145833333333 0.999901641896 1.0 
0.0152777777778 1.00010281268 1.0 
0.0159722222222 0.999903496985 1.0 
0.0166666666667 0.999998592794 1.0 
0.0173611111111 1.00012731489 1.0 
0.0180555555556 0.999971276729 1.0 
0.01875 1.00018938721 1.0 
0.0194444444444 1.00015795468 1.0 
0.0201388888889 0.999976102888 1.0 
0.0208333333333 1.00007569348 1.0 
0.0215277777778 1.00007816729 1.0 
0.0222222222222 1.00009427454 1.0 
0.0229166666667 1.00016940676 1.0 
0.0236111111111 0.999921555765 1.0 
0.0243055555556 1.00006086122 1.0 
0.025 1.00015580256 1.0 
0.0256944444444 0.999930932815 1.0 
0.0263888888889 0.999764911739 1.0 
0.0270833333333 0.999995626565 1.0 
0.0277777777778 1.00002613147 1.0 
0.0284722222222 0.999934272473 1.0 
0.0291666666667 0.999961929743 1.0 
0.0298611111111 1.00000031274 1.0 
0.0305555555556 0.999898845115 1.0 
0.03125 1.00001580667 1.0 
0.0319444444444 0.999938466925 1.0 
0.0326388888889 1.00011770494 1.0 
0.0333333333333 1.0001615242 1.0 
0.0340277777778 1.00013351346 1.0 
0.0347222222222 0.99996012412 1.0 
0.0354166666667 1.00001167689 1.0 
0.0361111111111 0.99990538064 1.0 
0.0368055555556 1.00014195966 1.0 
0.0375 1.00009268567 1.0 
0.0381944444444 1.00039438775 1.0 
0.0388888888889 1.00002100362 1.0 
0.0395833333333 1.00013911264 1.0 
0.0402777777778 1.00012637342 1.0 
0.0409722222222 1.00003245942 1.0 
0.0416666666667 1.00011503237 1.0 
0.0423611111111 0.999931588932 1.0 
0.0430555555556 0.999936925663 1.0 
0.04375 0.999888781284 1.0 
0.0444444444444 1.00000867422 1.0 
0.0451388888889 0.999822263088 1.0 
0.0458333333333 1.00005026953 1.0 
0.0465277777778 0.999870922801 1.0 
0.0472222222222 1.00007415314 1.0 
0.0479166666667 1.00000015799 1.0 
0.0486111111111 1.0000150463 1.0 
0.0493055555556 0.999910148964 1.0 
0.05 0.999917428538 1.0 
0.0506944444444 0.999985241065 1.0 
0.0513888888889 0.999919713906 1.0 
0.0520833333333 1.00017633637 1.0 
0.0527777777778 0.999950359014 1.0 
0.0534722222222 0.999980361107 1.0 
0.0541666666667 0.999975972053 1.0 
0.0548611111111 0.999830289276 1.0 
0.0555555555556 0.999838078199 1.0 
0.05625 0.999979051473 1.0 
0.0569444444444 0.999932772333 1.0 
0.0576388888889 0.999968364463 1.0 
0.0583333333333 0.999885712048 1.0 
0.0590277777778 1.00020979028 1.0 
0.0597222222222 0.999956377733 1.0 
0.0604166666667 0.999835118863 1.0 
0.0611111111111 0.999742959618 1.0 
0.0618055555556 1.00007160096 1.0 
0.0625 1.000032499 1.0 
0.0631944444444 0.999965255101 1.0 
0.0638888888889 0.999950723106 1.0 
0.0645833333333 1.0000771254 1.0 
0.0652777777778 1.00011145536 1.0 
0.0659722222222 1.00003860341 1.0 
0.0666666666667 1.00009779612 1.0 
0.0673611111111 0.99997216441 1.0 
0.0680555555556 1.00005028681 1.0 
0.06875 1.00002175684 1.0 
0.0694444444444 0.99986775796 1.0 
0.0701388888889 0.999915558886 1.0 
0.0708333333333 0.99990455702 1.0 
0.0715277777778 1.00016283586 1.0 
0.0722222222222 1.00006925705 1.0 
0.0729166666667 0.999979207402 1.0 
0.0736111111111 0.99995271066 1.0 
0.0743055555556 1.00008312026 1.0 
0.075 1.0000733143 1.0 
0.0756944444444 0.99998176846 1.0 
0.0763888888889 0.999858679103 1.0 
0.0770833333333 0.999909294152 1.0 
0.0777777777778 0.999836761969 1.0 
0.0784722222222 1.00007665385 1.0 
0.0791666666667 1.00002842629 1.0 
0.0798611111111 0.999966406415 1.0 
0.0805555555556 1.0000530195 1.0 
0.08125 0.999893418561 1.0 
0.0819444444444 1.00010813137 1.0 
0.0826388888889 0.999865742253 1.0 
0.0833333333333 0.999919861025 1.0 
0.0840277777778 1.00006334088 1.0 
0.0847222222222 1.00001820098 1.0 
0.0854166666667 0.999991895186 1.0 
0.0861111111111 0.999855860036 1.0 
0.0868055555556 0.999878070359 1.0 
0.0875 1.00018633909 1.0 
0.0881944444444 0.999907331249 1.0 
0.0888888888889 0.999929099804 1.0 
0.0895833333333 0.999924684529 1.0 
0.0902777777778 1.00005164866 1.0 
0.0909722222222 1.00007856296 1.0 
0.0916666666667 0.999955682469 1.0 
0.0923611111111 1.0002464153 1.0 
0.0930555555556 1.00002421898 1.0 
0.09375 0.999899368126 1.0 
0.0944444444444 1.00001522734 1.0 
0.0951388888889 1.00000848745 1.0 
0.0958333333333 1.00002838753 1.0 
0.0965277777778 1.00003775715 1.0 
0.0972222222222 1.00011928776 1.0 
0.0979166666667 0.999999129602 1.0 
0.0986111111111 0.999931119157 1.0 
0.0993055555556 1.00019721619 1.0 
0.1 1.00008516281 1.0 
0.100694444444 0.999948521669 1.0 
0.101388888889 0.999954715335 1.0 
0.102083333333 0.999825643367 1.0 
0.102777777778 0.999913567357 1.0 
0.103472222222 1.00001929308 1.0 
0.104166666667 0.999967929808 1.0 
0.104861111111 0.999991828375 1.0 
0.105555555556 0.999939472218 1.0 
0.10625 0.999948716185 1.0 
0.106944444444 0.999957023167 1.0 
0.107638888889 1.00001166434 1.0 
0.108333333333 1.00004641529 1.0 
0.109027777778 1.00008469218 1.0 
0.109722222222 1.0000267618 1.0 
0.110416666667 1.00007873144 1.0 
0.111111111111 1.0000064907 1.0 
0.111805555556 1.00021742731 1.0 
0.1125 1.00005556141 1.0 
0.113194444444 0.999903386779 1.0 
0.113888888889 1.00016008075 1.0 
0.114583333333 1.00005567094 1.0 
0.115277777778 0.999894179188 1.0 
0.115972222222 1.00016606923 1.0 
0.116666666667 0.999948639068 1.0 
0.117361111111 1.00028689859 1.0 
0.118055555556 1.00019404793 1.0 
0.11875 1.00006915233 1.0 
0.119444444444 1.00009273079 1.0 
0.120138888889 1.00003565014 1.0 
0.120833333333 0.999927492634 1.0 
0.121527777778 1.00003798815 1.0 
0.122222222222 1.00000320619 1.0 
0.122916666667 0.999941433096 1.0 
0.123611111111 0.999899013875 1.0 
0.124305555556 1.0001615992 1.0 
0.125 1.00010191883 1.0 
0.125694444444 0.999991677587 1.0 
0.126388888889 1.0000329583 1.0 
0.127083333333 1.0000164249 1.0 
0.127777777778 1.0000797774 1.0 
0.128472222222 1.0001018631 1.0 
0.129166666667 0.999967070627 1.0 
0.129861111111 1.00008761787 1.0 
0.130555555556 1.00000567924 1.0 
0.13125 0.999963153766 1.0 
0.131944444444 1.00005211209 1.0 
0.132638888889 0.999961035508 1.0 
0.133333333333 1.00013769528 1.0 
0.134027777778 0.999970982271 1.0 
0.134722222222 0.999813087805 1.0 
0.135416666667 1.00005282642 1.0 
0.136111111111 1.00018780677 1.0 
0.136805555556 0.999993243928 1.0 
0.1375 1.00002868551 1.0 
0.138194444444 0.999938505399 1.0 
0.138888888889 0.999996254276 1.0 
0.139583333333 1.00005868837 1.0 
0.140277777778 1.00008314674 1.0 
0.140972222222 1.00007588509 1.0 
0.141666666667 0.999981228487 1.0 
0.142361111111 1.00012865427 1.0 
0.143055555556 1.00001507042 1.0 
0.14375 1.00006334836 1.0 
0.144444444444 0.999992880624 1.0 
0.145138888889 1.00003861046 1.0 
0.145833333333 0.999927695855 1.0 
0.146527777778 0.999965207539 1.0 
0.147222222222 0.999932303794 1.0 
0.147916666667 0.999882124667 1.0 
0.148611111111 1.00003703253 1.0 
0.149305555556 0.999890278162 1.0 
0.15 1.00002219529 1.0 
0.150694444444 0.999872829815 1.0 
0.151388888889 1.00007862882 1.0 
0.152083333333 1.00025435547 1.0 
0.152777777778 1.00009181202 1.0 
0.153472222222 1.00012114765 1.0 
0.154166666667 0.999900487061 1.0 
0.154861111111 1.00017398401 1.0 
0.155555555556 1.00007864296 1.0 
0.15625 0.999787739903 1.0 
0.156944444444 0.999994944384 1.0 
0.157638888889 1.00010324955 1.0 
0.158333333333 0.999933680526 1.0 
0.159027777778 1.00024409775 1.0 
0.159722222222 0.99995425369 1.0 
0.160416666667 1.00016935685 1.0 
0.161111111111 1.00007825835 1.0 
0.161805555556 0.999977552122 1.0 
0.1625 1.00008534245 1.0 
0.163194444444 1.00012772605 1.0 
0.163888888889 0.999931865887 1.0 
0.164583333333 0.999874767934 1.0 
0.165277777778 1.00005976149 1.0 
0.165972222222 1.00001248832 1.0 
0.166666666667 0.999997981801 1.0 
0.167361111111 1.00002780641 1.0 
0.168055555556 0.999985498309 1.0 
0.16875 1.00003197484 1.0 
0.169444444444 1.00009392717 1.0 
0.170138888889 1.00014176772 1.0 
0.170833333333 1.00007092958 1.0 
0.171527777778 0.99986426179 1.0 
0.172222222222 1.00018763163 1.0 
0.172916666667 0.999935329143 1.0 
0.173611111111 0.999994005544 1.0 
0.174305555556 1.0002016764 1.0 
0.175 1.00022450477 1.0 
0.175694444444 1.00013376213 1.0 
0.176388888889 1.00002889286 1.0 
0.177083333333 1.00018049062 1.0 
0.177777777778 1.00008913366 1.0 
0.178472222222 1.00001551406 1.0 
0.179166666667 1.00004250467 1.0 
0.179861111111 1.00009674268 1.0 
0.180555555556 1.00008606282 1.0 
0.18125 1.0000800286 1.0 
0.181944444444 1.00003989996 1.0 
0.182638888889 1.00004820663 1.0 
0.183333333333 1.00010982121 1.0 
0.184027777778 1.00010872061 1.0 
0.184722222222 1.00020650352 1.0 
0.185416666667 1.00028220433 1.0 
0.186111111111 1.00004148744 1.0 
0.186805555556 1.00010206171 1.0 
0.1875 0.999998808293 1.0 
0.188194444444 1.00015070779 1.0 
0.188888888889 1.00013293113 1.0 
0.189583333333 1.00020199176 1.0 
0.190277777778 1.0000328026 1.0 
0.190972222222 1.00000117488 1.0 
0.191666666667 1.00020128889 1.0 
0.192361111111 1.00000024254 1.0 
0.193055555556 1.0000830736 1.0 
0.19375 1.00003702906 1.0 
0.194444444444 1.00010501324 1.0 
0.195138888889 1.00015028196 1.0 
0.195833333333 1.00016691176 1.0 
0.196527777778 1.00005163959 1.0 
0.197222222222 0.999951419717 1.0 
0.197916666667 0.999907686736 1.0 
0.198611111111 1.00001495236 1.0 
0.199305555556 1.00010127967 1.0 
0.2 0.999947090829 1.0 
0.200694444444 0.999962714533 1.0 
0.201388888889 0.999921345736 1.0 
0.202083333333 0.999901552186 1.0 
0.202777777778 1.00019745242 1.0 
0.203472222222 0.99981012041 1.0 
0.204166666667 1.00020402395 1.0 
0.204861111111 1.00014311281 1.0 
0.205555555556 1.0002193632 1.0 
0.20625 0.999843548417 1.0 
0.206944444444 1.00008872307 1.0 
0.207638888889 1.00003762499 1.0 
0.208333333333 1.00017040286 1.0 
0.209027777778 1.00002335242 1.0 
0.209722222222 1.00014221416 1.0 
0.210416666667 1.00000441304 1.0 
0.211111111111 1.00008367632 1.0 
0.211805555556 0.999915562535 1.0 
0.2125 0.999991415775 1.0 
0.213194444444 1.00004049157 1.0 
0.213888888889 0.999897537213 1.0 
0.214583333333 1.00007331148 1.0 
0.215277777778 0.999988218988 1.0 
0.215972222222 1.00005448695 1.0 
0.216666666667 1.00001036668 1.0 
0.217361111111 0.999884281684 1.0 
0.218055555556 0.999745293971 1.0 
0.21875 0.999832324124 1.0 
0.219444444444 0.999688798877 1.0 
0.220138888889 0.999688042935 1.0 
0.220833333333 0.999659632872 1.0 
0.221527777778 0.999784785255 1.0 
0.222222222222 0.999526419948 1.0 
0.222916666667 0.999482181877 1.0 
0.223611111111 0.99956465664 1.0 
0.224305555556 0.999427603997 1.0 
0.225 0.999265851631 1.0 
0.225694444444 0.99920900161 1.0 
0.226388888889 0.999120869693 1.0 
0.227083333333 0.99898768857 1.0 
0.227777777778 0.999018664801 1.0 
0.228472222222 0.999033288453 1.0 
0.229166666667 0.998893583183 1.0 
0.229861111111 0.998706746242 1.0 
0.230555555556 0.998738479822 1.0 
0.23125 0.998512539438 1.0 
0.231944444444 0.998402625319 1.0 
0.232638888889 0.998645090791 1.0 
0.233333333333 0.998322468603 1.0 
0.234027777778 0.998351541577 1.0 
0.234722222222 0.99802649078 1.0 
0.235416666667 0.998098094833 1.0 
0.236111111111 0.997869022321 1.0 
0.236805555556 0.997907448681 1.0 
0.2375 0.997770961132 1.0 
0.238194444444 0.997623290926 1.0 
0.238888888889 0.997683832728 1.0 
0.239583333333 0.997370771015 1.0 
0.240277777778 0.997101968226 1.0 
0.240972222222 0.997124920752 1.0 
0.241666666667 0.997033147707 1.0 
0.242361111111 0.997100932664 1.0 
0.243055555556 0.997026000686 1.0 
0.24375 0.996824265373 1.0 
0.244444444444 0.996778607961 1.0 
0.245138888889 0.996688466315 1.0 
0.245833333333 0.996400870377 1.0 
0.246527777778 0.996394990402 1.0 
0.247222222222 0.996148783526 1.0 
0.247916666667 0.996170371901 1.0 
0.248611111111 0.996139284318 1.0 
0.249305555556 0.995868200569 1.0 
0.25 0.995863619796 1.0 
0.250694444444 0.995638791709 1.0 
0.251388888889 0.99550347216 1.0 
0.252083333333 0.995359368653 1.0 
0.252777777778 0.99524495101 1.0 
0.253472222222 0.995334985891 1.0 
0.254166666667 0.995227693926 1.0 
0.254861111111 0.994904805838 1.0 
0.255555555556 0.994878312999 1.0 
0.25625 0.994910102454 1.0 
0.256944444444 0.994448562052 1.0 
0.257638888889 0.994474053111 1.0 
0.258333333333 0.994364407055 1.0 
0.259027777778 0.994202846759 1.0 
0.259722222222 0.994121384683 1.0 
0.260416666667 0.993907103088 1.0 
0.261111111111 0.993897699028 1.0 
0.261805555556 0.993724571031 1.0 
0.2625 0.993668546031 1.0 
0.263194444444 0.993555182362 1.0 
0.263888888889 0.993373584246 1.0 
0.264583333333 0.993245935439 1.0 
0.265277777778 0.993433306577 1.0 
0.265972222222 0.99310874236 1.0 
0.266666666667 0.992922740895 1.0 
0.267361111111 0.992666190091 1.0 
0.268055555556 0.992585531367 1.0 
0.26875 0.992604455456 1.0 
0.269444444444 0.992695327247 1.0 
0.270138888889 0.992535246132 1.0 
0.270833333333 0.992356857896 1.0 
0.271527777778 0.992057843954 1.0 
0.272222222222 0.992185846044 1.0 
0.272916666667 0.99239605807 1.0 
0.273611111111 0.992132184716 1.0 
0.274305555556 0.991857691677 1.0 
0.275 0.991769834144 1.0 
0.275694444444 0.991861160958 1.0 
0.276388888889 0.991644931661 1.0 
0.277083333333 0.991640491934 1.0 
0.277777777778 0.991458533229 1.0 
0.278472222222 0.991621612074 1.0 
0.279166666667 0.991600929596 1.0 
0.279861111111 0.991526946021 1.0 
0.280555555556 0.991311034193 1.0 
0.28125 0.991355354315 1.0 
0.281944444444 0.99124453019 1.0 
0.282638888889 0.991077391108 1.0 
0.283333333333 0.991197293596 1.0 
0.284027777778 0.991455021156 1.0 
0.284722222222 0.991122357521 1.0 
0.285416666667 0.991095076394 1.0 
0.286111111111 0.991264228434 1.0 
0.286805555556 0.991157191947 1.0 
0.2875 0.991164650492 1.0 
0.288194444444 0.991110681169 1.0 
0.288888888889 0.991070153742 1.0 
0.289583333333 0.991217947586 1.0 
0.290277777778 0.991032550801 1.0 
0.290972222222 0.991119262933 1.0 
0.291666666667 0.991156718472 1.0 
0.292361111111 0.9910214966 1.0 
0.293055555556 0.990831581886 1.0 
0.29375 0.990893625079 1.0 
0.294444444444 0.990627257845 1.0 
0.295138888889 0.990906360899 1.0 
0.295833333333 0.990813247546 1.0 
0.296527777778 0.990719724843 1.0 
0.297222222222 0.990640373095 1.0 
0.297916666667 0.990812354811 1.0 
0.298611111111 0.990766647776 1.0 
0.299305555556 0.990638425308 1.0 
0.3 0.990693364894 1.0 
0.300694444444 0.99059175377 1.0 
0.301388888889 0.990620783872 1.0 
0.302083333333 0.990696442563 1.0 
0.302777777778 0.990676925518 1.0 
0.303472222222 0.990543357521 1.0 
0.304166666667 0.990731547161 1.0 
0.304861111111 0.990679822185 1.0 
0.305555555556 0.990605515642 1.0 
0.30625 0.990636279881 1.0 
0.306944444444 0.990616429424 1.0 
0.307638888889 0.990451178058 1.0 
0.308333333333 0.99050824419 1.0 
0.309027777778 0.99041469678 1.0 
0.309722222222 0.990512653424 1.0 
0.310416666667 0.990305312705 1.0 
0.311111111111 0.990457092477 1.0 
0.311805555556 0.990411795834 1.0 
0.3125 0.990426367004 1.0 
0.313194444444 0.990412370027 1.0 
0.313888888889 0.990517480239 1.0 
0.314583333333 0.990378107851 1.0 
0.315277777778 0.990494964786 1.0 
0.315972222222 0.990344604659 1.0 
0.316666666667 0.990325290913 1.0 
0.317361111111 0.990371326677 1.0 
0.318055555556 0.990187397564 1.0 
0.31875 0.990223084505 1.0 
0.319444444444 0.990231475444 1.0 
0.320138888889 0.990156906846 1.0 
0.320833333333 0.989991972494 1.0 
0.321527777778 0.989980820312 1.0 
0.322222222222 0.990270156451 1.0 
0.322916666667 0.99022569582 1.0 
0.323611111111 0.990267706326 1.0 
0.324305555556 0.990158520862 1.0 
0.325 0.990014933171 1.0 
0.325694444444 0.990115336254 1.0 
0.326388888889 0.990017331378 1.0 
0.327083333333 0.990148438068 1.0 
0.327777777778 0.990332317376 1.0 
0.328472222222 0.990137771036 1.0 
0.329166666667 0.989903054512 1.0 
0.329861111111 0.98995949269 1.0 
0.330555555556 0.990044330115 1.0 
0.33125 0.989857995217 1.0 
0.331944444444 0.99000194077 1.0 
0.332638888889 0.990001716676 1.0 
0.333333333333 0.989869138785 1.0 
0.334027777778 0.98995457976 1.0 
0.334722222222 0.989984417403 1.0 
0.335416666667 0.989757279846 1.0 
0.336111111111 0.989856892784 1.0 
0.336805555556 0.989918394293 1.0 
0.3375 0.989788994555 1.0 
0.338194444444 0.98987886619 1.0 
0.338888888889 0.989960432838 1.0 
0.339583333333 0.989997788774 1.0 
0.340277777778 0.989861472161 1.0 
0.340972222222 0.98982244326 1.0 
0.341666666667 0.989816153145 1.0 
0.342361111111 0.989805057621 1.0 
0.343055555556 0.989992249676 1.0 
0.34375 0.989832178125 1.0 
0.344444444444 0.989805372699 1.0 
0.345138888889 0.989785062474 1.0 
0.345833333333 0.989715386387 1.0 
0.346527777778 0.989807597078 1.0 
0.347222222222 0.989809519204 1.0 
0.347916666667 0.989870324917 1.0 
0.348611111111 0.989579521507 1.0 
0.349305555556 0.989638260866 1.0 
0.35 0.989679998719 1.0 
0.350694444444 0.989632794553 1.0 
0.351388888889 0.989767936523 1.0 
0.352083333333 0.989569890844 1.0 
0.352777777778 0.989464696266 1.0 
0.353472222222 0.989704896888 1.0 
0.354166666667 0.989651602472 1.0 
0.354861111111 0.989477396304 1.0 
0.355555555556 0.989713052416 1.0 
0.35625 0.98941869292 1.0 
0.356944444444 0.989626867546 1.0 
0.357638888889 0.989634456228 1.0 
0.358333333333 0.989484529235 1.0 
0.359027777778 0.989686685807 1.0 
0.359722222222 0.989600522308 1.0 
0.360416666667 0.989622893278 1.0 
0.361111111111 0.9895314784 1.0 
0.361805555556 0.989655963464 1.0 
0.3625 0.989648423719 1.0 
0.363194444444 0.989616321822 1.0 
0.363888888889 0.989472072732 1.0 
0.364583333333 0.989475583538 1.0 
0.365277777778 0.989516754098 1.0 
0.365972222222 0.98954580103 1.0 
0.366666666667 0.989479778519 1.0 
0.367361111111 0.989533705756 1.0 
0.368055555556 0.989414255107 1.0 
0.36875 0.989414993002 1.0 
0.369444444444 0.989582398209 1.0 
0.370138888889 0.98950916622 1.0 
0.370833333333 0.989472584342 1.0 
0.371527777778 0.989528822419 1.0 
0.372222222222 0.989475403512 1.0 
0.372916666667 0.989495585172 1.0 
0.373611111111 0.989302644776 1.0 
0.374305555556 0.989399628231 1.0 
0.375 0.989435976371 1.0 
0.375694444444 0.989383589213 1.0 
0.376388888889 0.989580198706 1.0 
0.377083333333 0.989448002937 1.0 
0.377777777778 0.989488118135 1.0 
0.378472222222 0.989297140902 1.0 
0.379166666667 0.989439715019 1.0 
0.379861111111 0.989234920617 1.0 
0.380555555556 0.989391354709 1.0 
0.38125 0.989635953044 1.0 
0.381944444444 0.989197369045 1.0 
0.382638888889 0.989382292957 1.0 
0.383333333333 0.98932237862 1.0 
0.384027777778 0.989270077682 1.0 
0.384722222222 0.989381291076 1.0 
0.385416666667 0.989351750578 1.0 
0.386111111111 0.989336983105 1.0 
0.386805555556 0.989313136144 1.0 
0.3875 0.989579861353 1.0 
0.388194444444 0.989233061925 1.0 
0.388888888889 0.989342914596 1.0 
0.389583333333 0.98931577292 1.0 
0.390277777778 0.989647812066 1.0 
0.390972222222 0.98929479689 1.0 
0.391666666667 0.989275688344 1.0 
0.392361111111 0.989144893751 1.0 
0.393055555556 0.989403538423 1.0 
0.39375 0.989289994485 1.0 
0.394444444444 0.989331420527 1.0 
0.395138888889 0.989135774797 1.0 
0.395833333333 0.989279110544 1.0 
0.396527777778 0.989381261652 1.0 
0.397222222222 0.989236132844 1.0 
0.397916666667 0.989159367652 1.0 
0.398611111111 0.989188678128 1.0 
0.399305555556 0.989153485329 1.0 
0.4 0.989456179415 1.0 
0.400694444444 0.989088214654 1.0 
0.401388888889 0.98937554967 1.0 
0.402083333333 0.989265088103 1.0 
0.402777777778 0.989256966962 1.0 
0.403472222222 0.989324350977 1.0 
0.404166666667 0.989156459059 1.0 
0.404861111111 0.989344152002 1.0 
0.405555555556 0.989272094259 1.0 
0.40625 0.98905826909 1.0 
0.406944444444 0.98918171363 1.0 
0.407638888889 0.98924823579 1.0 
0.408333333333 0.989348077905 1.0 
0.409027777778 0.98923679148 1.0 
0.409722222222 0.989056479135 1.0 
0.410416666667 0.989292791562 1.0 
0.411111111111 0.989236690211 1.0 
0.411805555556 0.989264313328 1.0 
0.4125 0.989354563951 1.0 
0.413194444444 0.989173808717 1.0 
0.413888888889 0.98918225604 1.0 
0.414583333333 0.989426892709 1.0 
0.415277777778 0.989140926572 1.0 
0.415972222222 0.989213882008 1.0 
0.416666666667 0.989208023494 1.0 
0.417361111111 0.989145279103 1.0 
0.418055555556 0.989177386929 1.0 
0.41875 0.989180969433 1.0 
0.419444444444 0.989060348594 1.0 
0.420138888889 0.9890833269 1.0 
0.420833333333 0.989061729974 1.0 
0.421527777778 0.989246511447 1.0 
0.422222222222 0.989076305478 1.0 
0.422916666667 0.989029040755 1.0 
0.423611111111 0.989010946404 1.0 
0.424305555556 0.989041488397 1.0 
0.425 0.989018747954 1.0 
0.425694444444 0.989082291022 1.0 
0.426388888889 0.989110870986 1.0 
0.427083333333 0.989071454092 1.0 
0.427777777778 0.989076736295 1.0 
0.428472222222 0.98918561944 1.0 
0.429166666667 0.988959899162 1.0 
0.429861111111 0.989020303199 1.0 
0.430555555556 0.989050292862 1.0 
0.43125 0.989028069409 1.0 
0.431944444444 0.989099792339 1.0 
0.432638888889 0.989214207886 1.0 
0.433333333333 0.988954071753 1.0 
0.434027777778 0.989146770695 1.0 
0.434722222222 0.989170508323 1.0 
0.435416666667 0.989125757969 1.0 
0.436111111111 0.989067108294 1.0 
0.436805555556 0.98898946608 1.0 
0.4375 0.989068418697 1.0 
0.438194444444 0.989197168482 1.0 
0.438888888889 0.989083841835 1.0 
0.439583333333 0.989190682548 1.0 
0.440277777778 0.989259232863 1.0 
0.440972222222 0.988956927946 1.0 
0.441666666667 0.989148982064 1.0 
0.442361111111 0.988960208435 1.0 
0.443055555556 0.989045438515 1.0 
0.44375 0.989081698789 1.0 
0.444444444444 0.988952011705 1.0 
0.445138888889 0.989091475211 1.0 
0.445833333333 0.988989817038 1.0 
0.446527777778 0.98877601524 1.0 
0.447222222222 0.989175104138 1.0 
0.447916666667 0.989051974797 1.0 
0.448611111111 0.989227919723 1.0 
0.449305555556 0.988866293945 1.0 
0.45 0.989059244316 1.0 
0.450694444444 0.989013594043 1.0 
0.451388888889 0.988919214191 1.0 
0.452083333333 0.988884031777 1.0 
0.452777777778 0.989124392728 1.0 
0.453472222222 0.98914764679 1.0 
0.454166666667 0.989175660778 1.0 
0.454861111111 0.989235559778 1.0 
0.455555555556 0.989039777378 1.0 
0.45625 0.988988765897 1.0 
0.456944444444 0.989006587671 1.0 
0.457638888889 0.988977090301 1.0 
0.458333333333 0.989046820325 1.0 
0.459027777778 0.98909469927 1.0 
0.459722222222 0.988970033069 1.0 
0.460416666667 0.988831061677 1.0 
0.461111111111 0.988940701746 1.0 
0.461805555556 0.989054095589 1.0 
0.4625 0.989103292399 1.0 
0.463194444444 0.989166406672 1.0 
0.463888888889 0.988843435445 1.0 
0.464583333333 0.988866798798 1.0 
0.465277777778 0.989154343903 1.0 
0.465972222222 0.989029501048 1.0 
0.466666666667 0.989060761409 1.0 
0.467361111111 0.989035104776 1.0 
0.468055555556 0.988941283427 1.0 
0.46875 0.988921731414 1.0 
0.469444444444 0.988757974775 1.0 
0.470138888889 0.989052364342 1.0 
0.470833333333 0.989024832607 1.0 
0.471527777778 0.988867887225 1.0 
0.472222222222 0.989025360679 1.0 
0.472916666667 0.989087853425 1.0 
0.473611111111 0.989001041367 1.0 
0.474305555556 0.988916948629 1.0 
0.475 0.98888402384 1.0 
0.475694444444 0.988874523654 1.0 
0.476388888889 0.989105834243 1.0 
0.477083333333 0.98898217793 1.0 
0.477777777778 0.988840176487 1.0 
0.478472222222 0.988947297035 1.0 
0.479166666667 0.988966522219 1.0 
0.479861111111 0.9890288276 1.0 
0.480555555556 0.988907323961 1.0 
0.48125 0.98888813462 1.0 
0.481944444444 0.988884923096 1.0 
0.482638888889 0.988976820452 1.0 
0.483333333333 0.989003636976 1.0 
0.484027777778 0.988860654751 1.0 
0.484722222222 0.988858304223 1.0 
0.485416666667 0.988820651379 1.0 
0.486111111111 0.989090143123 1.0 
0.486805555556 0.988859086714 1.0 
0.4875 0.988881785642 1.0 
0.488194444444 0.988850190233 1.0 
0.488888888889 0.988957275046 1.0 
0.489583333333 0.98888509398 1.0 
0.490277777778 0.989054249467 1.0 
0.490972222222 0.988964257414 1.0 
0.491666666667 0.988859555228 1.0 
0.492361111111 0.988923023598 1.0 
0.493055555556 0.989017051453 1.0 
0.49375 0.988805715488 1.0 
0.494444444444 0.988883140127 1.0 
0.495138888889 0.989117502189 1.0 
0.495833333333 0.988952901815 1.0 
0.496527777778 0.989076979111 1.0 
0.497222222222 0.988909755532 1.0 
0.497916666667 0.98903143634 1.0 
0.498611111111 0.98909111701 1.0 
0.499305555556 0.988707373205 1.0 
0.5 0.989004824298 1.0 
0.500694444444 0.988944388031 1.0 
0.501388888889 0.988980898144 1.0 
0.502083333333 0.98922755942 1.0 
0.502777777778 0.989068342289 1.0 
0.503472222222 0.988933541188 1.0 
0.504166666667 0.989024411761 1.0 
0.504861111111 0.988928362806 1.0 
0.505555555556 0.988946200907 1.0 
0.50625 0.989065077541 1.0 
0.506944444444 0.988917057906 1.0 
0.507638888889 0.98897181941 1.0 
0.508333333333 0.989037644042 1.0 
0.509027777778 0.989012518185 1.0 
0.509722222222 0.989007278854 1.0 
0.510416666667 0.989116684766 1.0 
0.511111111111 0.98895504659 1.0 
0.511805555556 0.988886399344 1.0 
0.5125 0.988834827205 1.0 
0.513194444444 0.988955511025 1.0 
0.513888888889 0.988973873423 1.0 
0.514583333333 0.98882984018 1.0 
0.515277777778 0.988880364714 1.0 
0.515972222222 0.989024771364 1.0 
0.516666666667 0.9889095612 1.0 
0.517361111111 0.988857512009 1.0 
0.518055555556 0.98879128646 1.0 
0.51875 0.988747927977 1.0 
0.519444444444 0.989087058851 1.0 
0.520138888889 0.988914070431 1.0 
0.520833333333 0.988938872076 1.0 
0.521527777778 0.989024004606 1.0 
0.522222222222 0.988921903107 1.0 
0.522916666667 0.989069280168 1.0 
0.523611111111 0.988929190027 1.0 
0.524305555556 0.988741582351 1.0 
0.525 0.988824959194 1.0 
0.525694444444 0.988915505191 1.0 
0.526388888889 0.989021475264 1.0 
0.527083333333 0.989045603773 1.0 
0.527777777778 0.988876482138 1.0 
0.528472222222 0.988949276612 1.0 
0.529166666667 0.989093296541 1.0 
0.529861111111 0.988986430958 1.0 
0.530555555556 0.988908428971 1.0 
0.53125 0.988995460539 1.0 
0.531944444444 0.988988345042 1.0 
0.532638888889 0.989030915667 1.0 
0.533333333333 0.989052150521 1.0 
0.534027777778 0.988936674683 1.0 
0.534722222222 0.989021037539 1.0 
0.535416666667 0.989075558483 1.0 
0.536111111111 0.988972430186 1.0 
0.536805555556 0.988971945896 1.0 
0.5375 0.989179877185 1.0 
0.538194444444 0.988951461727 1.0 
0.538888888889 0.988997632036 1.0 
0.539583333333 0.988975415678 1.0 
0.540277777778 0.988833374679 1.0 
0.540972222222 0.98876402409 1.0 
0.541666666667 0.989060555756 1.0 
0.542361111111 0.9890083524 1.0 
0.543055555556 0.989006992881 1.0 
0.54375 0.989119740402 1.0 
0.544444444444 0.988896896691 1.0 
0.545138888889 0.988934989319 1.0 
0.545833333333 0.989032975878 1.0 
0.546527777778 0.989128663943 1.0 
0.547222222222 0.989061878363 1.0 
0.547916666667 0.988972924083 1.0 
0.548611111111 0.988956546103 1.0 
0.549305555556 0.988818093744 1.0 
0.55 0.989138654231 1.0 
0.550694444444 0.988979352724 1.0 
0.551388888889 0.988783083542 1.0 
0.552083333333 0.988981497693 1.0 
0.552777777778 0.98901237138 1.0 
0.553472222222 0.988963284292 1.0 
0.554166666667 0.989025451977 1.0 
0.554861111111 0.988759376117 1.0 
0.555555555556 0.988907923508 1.0 
0.55625 0.989100730919 1.0 
0.556944444444 0.98887967286 1.0 
0.557638888889 0.989036597133 1.0 
0.558333333333 0.989235103337 1.0 
0.559027777778 0.989068249193 1.0 
0.559722222222 0.989077852083 1.0 
0.560416666667 0.989159872031 1.0 
0.561111111111 0.988914544286 1.0 
0.561805555556 0.989199554412 1.0 
0.5625 0.988834832658 1.0 
0.563194444444 0.988936365704 1.0 
0.563888888889 0.988996595859 1.0 
0.564583333333 0.989197933423 1.0 
0.565277777778 0.98895157263 1.0 
0.565972222222 0.989196709386 1.0 
0.566666666667 0.98900284452 1.0 
0.567361111111 0.988857891244 1.0 
0.568055555556 0.989081647639 1.0 
0.56875 0.989104817016 1.0 
0.569444444444 0.988807023771 1.0 
0.570138888889 0.989082099997 1.0 
0.570833333333 0.989103916404 1.0 
0.571527777778 0.989163673711 1.0 
0.572222222222 0.989114934731 1.0 
0.572916666667 0.988851312217 1.0 
0.573611111111 0.988943698524 1.0 
0.574305555556 0.989199005673 1.0 
0.575 0.989025088703 1.0 
0.575694444444 0.989106275085 1.0 
0.576388888889 0.98908081644 1.0 
0.577083333333 0.989027082645 1.0 
0.577777777778 0.989146939935 1.0 
0.578472222222 0.989174491657 1.0 
0.579166666667 0.989271624758 1.0 
0.579861111111 0.989120054729 1.0 
0.580555555556 0.988994955429 1.0 
0.58125 0.989214061879 1.0 
0.581944444444 0.989205491029 1.0 
0.582638888889 0.989281756456 1.0 
0.583333333333 0.989060311089 1.0 
0.584027777778 0.98900433021 1.0 
0.584722222222 0.989181846229 1.0 
0.585416666667 0.989293430978 1.0 
0.586111111111 0.989091873267 1.0 
0.586805555556 0.989161322091 1.0 
0.5875 0.989090654431 1.0 
0.588194444444 0.989269665156 1.0 
0.588888888889 0.989224008294 1.0 
0.589583333333 0.988956310503 1.0 
0.590277777778 0.989139971387 1.0 
0.590972222222 0.98922929678 1.0 
0.591666666667 0.989246670629 1.0 
0.592361111111 0.989053464859 1.0 
0.593055555556 0.989282250494 1.0 
0.59375 0.989200742351 1.0 
0.594444444444 0.989187116369 1.0 
0.595138888889 0.98899279308 1.0 
0.595833333333 0.989176411658 1.0 
0.596527777778 0.989340625819 1.0 
0.597222222222 0.989238848971 1.0 
0.597916666667 0.989226202192 1.0 
0.598611111111 0.989277602646 1.0 
0.599305555556 0.989198376305 1.0 
0.6 0.989340641349 1.0 
0.600694444444 0.98937165018 1.0 
0.601388888889 0.989077244834 1.0 
0.602083333333 0.989301349821 1.0 
0.602777777778 0.989252154709 1.0 
0.603472222222 0.989080521565 1.0 
0.604166666667 0.989237880654 1.0 
0.604861111111 0.989266454779 1.0 
0.605555555556 0.989254833473 1.0 
0.60625 0.989300689115 1.0 
0.606944444444 0.989279992849 1.0 
0.607638888889 0.989302433802 1.0 
0.608333333333 0.989236231598 1.0 
0.609027777778 0.989340888836 1.0 
0.609722222222 0.989201978455 1.0 
0.610416666667 0.989200769852 1.0 
0.611111111111 0.98915522747 1.0 
0.611805555556 0.989197850882 1.0 
0.6125 0.989048075231 1.0 
0.613194444444 0.98929549891 1.0 
0.613888888889 0.989259267892 1.0 
0.614583333333 0.988991867192 1.0 
0.615277777778 0.989367741137 1.0 
0.615972222222 0.98933676315 1.0 
0.616666666667 0.989553522075 1.0 
0.617361111111 0.989217487776 1.0 
0.618055555556 0.989335474943 1.0 
0.61875 0.989315483283 1.0 
0.619444444444 0.989352305995 1.0 
0.620138888889 0.989564904887 1.0 
0.620833333333 0.989513161254 1.0 
0.621527777778 0.989323087148 1.0 
0.622222222222 0.989276611859 1.0 
0.622916666667 0.989445467535 1.0 
0.623611111111 0.989336176924 1.0 
0.624305555556 0.989451138147 1.0 
0.625 0.989447268892 1.0 
0.625694444444 0.989505551855 1.0 
0.626388888889 0.989380407979 1.0 
0.627083333333 0.989489040575 1.0 
0.627777777778 0.989560496 1.0 
0.628472222222 0.98944552672 1.0 
0.629166666667 0.989425827261 1.0 
0.629861111111 0.989469805386 1.0 
0.630555555556 0.989436196747 1.0 
0.63125 0.989425155853 1.0 
0.631944444444 0.989467747645 1.0 
0.632638888889 0.989548379455 1.0 
0.633333333333 0.989307564804 1.0 
0.634027777778 0.98951551795 1.0 
0.634722222222 0.989564658319 1.0 
0.635416666667 0.989412565671 1.0 
0.636111111111 0.989596080515 1.0 
0.636805555556 0.989601412632 1.0 
0.6375 0.989407625773 1.0 
0.638194444444 0.98978722562 1.0 
0.638888888889 0.989470791655 1.0 
0.639583333333 0.989631493089 1.0 
0.640277777778 0.989613037315 1.0 
0.640972222222 0.989531136507 1.0 
0.641666666667 0.989724143425 1.0 
0.642361111111 0.989520267258 1.0 
0.643055555556 0.98960073081 1.0 
0.64375 0.989683671946 1.0 
0.644444444444 0.989680059006 1.0 
0.645138888889 0.989586728585 1.0 
0.645833333333 0.989956279236 1.0 
0.646527777778 0.989706024109 1.0 
0.647222222222 0.989550339097 1.0 
0.647916666667 0.989503330277 1.0 
0.648611111111 0.989490271815 1.0 
0.649305555556 0.98969900484 1.0 
0.65 0.989584636155 1.0 
0.650694444444 0.989672918595 1.0 
0.651388888889 0.989756516619 1.0 
0.652083333333 0.989628375677 1.0 
0.652777777778 0.989703708818 1.0 
0.653472222222 0.989846666348 1.0 
0.654166666667 0.989621055312 1.0 
0.654861111111 0.989826993424 1.0 
0.655555555556 0.989836222441 1.0 
0.65625 0.989947882853 1.0 
0.656944444444 0.989755557878 1.0 
0.657638888889 0.989705749143 1.0 
0.658333333333 0.989745473803 1.0 
0.659027777778 0.989880439711 1.0 
0.659722222222 0.989743112366 1.0 
0.660416666667 0.98985525614 1.0 
0.661111111111 0.989718678738 1.0 
0.661805555556 0.989815359181 1.0 
0.6625 0.989870010567 1.0 
0.663194444444 0.989789002896 1.0 
0.663888888889 0.989897091426 1.0 
0.664583333333 0.989906939245 1.0 
0.665277777778 0.989968196306 1.0 
0.665972222222 0.989816830096 1.0 
0.666666666667 0.989959354782 1.0 
0.667361111111 0.990099858803 1.0 
0.668055555556 0.989905046605 1.0 
0.66875 0.98998606153 1.0 
0.669444444444 0.989976572302 1.0 
0.670138888889 0.990113316991 1.0 
0.670833333333 0.990053704981 1.0 
0.671527777778 0.990146265674 1.0 
0.672222222222 0.990176091417 1.0 
0.672916666667 0.989948544775 1.0 
0.673611111111 0.99015616436 1.0 
0.674305555556 0.989879106344 1.0 
0.675 0.990124447317 1.0 
0.675694444444 0.989841295531 1.0 
0.676388888889 0.990192973255 1.0 
0.677083333333 0.989968263291 1.0 
0.677777777778 0.990078551989 1.0 
0.678472222222 0.990160175907 1.0 
0.679166666667 0.99016442795 1.0 
0.679861111111 0.99024192461 1.0 
0.680555555556 0.990202573529 1.0 
0.68125 0.990233676373 1.0 
0.681944444444 0.990321843969 1.0 
0.682638888889 0.990416817813 1.0 
0.683333333333 0.990172789918 1.0 
0.684027777778 0.99037553145 1.0 
0.684722222222 0.990228045744 1.0 
0.685416666667 0.990380141412 1.0 
0.686111111111 0.990278950162 1.0 
0.686805555556 0.990396090324 1.0 
0.6875 0.99041990389 1.0 
0.688194444444 0.990312712826 1.0 
0.688888888889 0.990347978688 1.0 
0.689583333333 0.990453042017 1.0 
0.690277777778 0.99028695449 1.0 
0.690972222222 0.990507034707 1.0 
0.691666666667 0.990458549978 1.0 
0.692361111111 0.990529580789 1.0 
0.693055555556 0.990531719485 1.0 
0.69375 0.990376109254 1.0 
0.694444444444 0.99059104647 1.0 
0.695138888889 0.990428815588 1.0 
0.695833333333 0.990790198214 1.0 
0.696527777778 0.990617058806 1.0 
0.697222222222 0.990626476806 1.0 
0.697916666667 0.99058424724 1.0 
0.698611111111 0.990509480362 1.0 
0.699305555556 0.990592020732 1.0 
0.7 0.99064656811 1.0 
0.700694444444 0.990676845869 1.0 
0.701388888889 0.990879728679 1.0 
0.702083333333 0.990751427213 1.0 
0.702777777778 0.990779285535 1.0 
0.703472222222 0.990878463467 1.0 
0.704166666667 0.990717702672 1.0 
0.704861111111 0.990823085532 1.0 
0.705555555556 0.990706917599 1.0 
0.70625 0.991046459832 1.0 
0.706944444444 0.991017453951 1.0 
0.707638888889 0.990987412548 1.0 
0.708333333333 0.990893440324 1.0 
0.709027777778 0.991033261099 1.0 
0.709722222222 0.991082661704 1.0 
0.710416666667 0.990950133937 1.0 
0.711111111111 0.991036285672 1.0 
0.711805555556 0.991153485008 1.0 
0.7125 0.990998729882 1.0 
0.713194444444 0.991097995533 1.0 
0.713888888889 0.991226973132 1.0 
0.714583333333 0.991152654148 1.0 
0.715277777778 0.991305960457 1.0 
0.715972222222 0.991255885413 1.0 
0.716666666667 0.991169737093 1.0 
0.717361111111 0.991318858318 1.0 
0.718055555556 0.991125276459 1.0 
0.71875 0.991510743699 1.0 
0.719444444444 0.991481789176 1.0 
0.720138888889 0.991518927942 1.0 
0.720833333333 0.991616435494 1.0 
0.721527777778 0.991477277777 1.0 
0.722222222222 0.991654429898 1.0 
0.722916666667 0.991667958525 1.0 
0.723611111111 0.991889060028 1.0 
0.724305555556 0.991878069013 1.0 
0.725 0.991862719245 1.0 
0.725694444444 0.992015475222 1.0 
0.726388888889 0.992173893745 1.0 
0.727083333333 0.992197899509 1.0 
0.727777777778 0.992355348356 1.0 
0.728472222222 0.992353059914 1.0 
0.729166666667 0.992626389783 1.0 
0.729861111111 0.992625923313 1.0 
0.730555555556 0.992526712003 1.0 
0.73125 0.992716870675 1.0 
0.731944444444 0.992839731602 1.0 
0.732638888889 0.992867029253 1.0 
0.733333333333 0.993308556664 1.0 
0.734027777778 0.992991290014 1.0 
0.734722222222 0.993350560421 1.0 
0.735416666667 0.993488632579 1.0 
0.736111111111 0.993668098021 1.0 
0.736805555556 0.993540098906 1.0 
0.7375 0.993698559931 1.0 
0.738194444444 0.99384051673 1.0 
0.738888888889 0.993762065457 1.0 
0.739583333333 0.994041956099 1.0 
0.740277777778 0.994068417209 1.0 
0.740972222222 0.994059217288 1.0 
0.741666666667 0.994378816328 1.0 
0.742361111111 0.994592812833 1.0 
0.743055555556 0.994699874301 1.0 
0.74375 0.994721208431 1.0 
0.744444444444 0.994808626574 1.0 
0.745138888889 0.9949962236 1.0 
0.745833333333 0.99522009798 1.0 
0.746527777778 0.995131333229 1.0 
0.747222222222 0.995184467053 1.0 
0.747916666667 0.99557823955 1.0 
0.748611111111 0.995529230388 1.0 
0.749305555556 0.9955656241 1.0 
0.75 0.995878486344 1.0 
0.750694444444 0.995811725693 1.0 
0.751388888889 0.995953902329 1.0 
0.752083333333 0.995968034909 1.0 
0.752777777778 0.99608100603 1.0 
0.753472222222 0.996297540151 1.0 
0.754166666667 0.996471172034 1.0 
0.754861111111 0.996554964315 1.0 
0.755555555556 0.996653107354 1.0 
0.75625 0.996906946671 1.0 
0.756944444444 0.996761775261 1.0 
0.757638888889 0.996939073048 1.0 
0.758333333333 0.997062554937 1.0 
0.759027777778 0.996984245006 1.0 
0.759722222222 0.997182327869 1.0 
0.760416666667 0.997330482694 1.0 
0.761111111111 0.997713954421 1.0 
0.761805555556 0.997597596102 1.0 
0.7625 0.997660132368 1.0 
0.763194444444 0.997704415606 1.0 
0.763888888889 0.997901078903 1.0 
0.764583333333 0.998026737589 1.0 
0.765277777778 0.997962703477 1.0 
0.765972222222 0.998173875087 1.0 
0.766666666667 0.998344889223 1.0 
0.767361111111 0.998438040332 1.0 
0.768055555556 0.998440564408 1.0 
0.76875 0.998488384183 1.0 
0.769444444444 0.998615064896 1.0 
0.770138888889 0.998729092427 1.0 
0.770833333333 0.998913594348 1.0 
0.771527777778 0.998834467979 1.0 
0.772222222222 0.998872910273 1.0 
0.772916666667 0.999007608716 1.0 
0.773611111111 0.999219251441 1.0 
0.774305555556 0.999152227784 1.0 
0.775 0.999295512947 1.0 
0.775694444444 0.999334939183 1.0 
0.776388888889 0.999343194707 1.0 
0.777083333333 0.99947494325 1.0 
0.777777777778 0.999637762896 1.0 
0.778472222222 0.999742231998 1.0 
0.779166666667 0.9996392635 1.0 
0.779861111111 0.999603237912 1.0 
0.780555555556 0.999852052206 1.0 
0.78125 0.999866576913 1.0 
0.781944444444 0.999832411989 1.0 
0.782638888889 0.99981147887 1.0 
0.783333333333 0.999984348206 1.0 
0.784027777778 1.00003494701 1.0 
0.784722222222 1.00000151055 1.0 
0.785416666667 0.999911144648 1.0 
0.786111111111 1.00014477129 1.0 
0.786805555556 1.00031691892 1.0 
0.7875 1.00002776379 1.0 
0.788194444444 1.00000983342 1.0 
0.788888888889 1.00004260175 1.0 
0.789583333333 0.999958560282 1.0 
0.790277777778 0.999997500121 1.0 
0.790972222222 1.00010533261 1.0 
0.791666666667 1.00021033135 1.0 
0.792361111111 0.999924827284 1.0 
0.793055555556 1.00001870386 1.0 
0.79375 0.999920149665 1.0 
0.794444444444 1.00014401915 1.0 
0.795138888889 1.00015444738 1.0 
0.795833333333 1.00013412617 1.0 
0.796527777778 1.00011876021 1.0 
0.797222222222 0.999931640996 1.0 
0.797916666667 1.00016036658 1.0 
0.798611111111 1.00018821889 1.0 
0.799305555556 1.00006342263 1.0 
0.8 1.00000353366 1.0 
0.800694444444 1.00013483252 1.0 
0.801388888889 1.00009559746 1.0 
0.802083333333 1.00020454548 1.0 
0.802777777778 1.00017648023 1.0 
0.803472222222 1.00023024884 1.0 
0.804166666667 1.0002845307 1.0 
0.804861111111 1.00012081595 1.0 
0.805555555556 1.00010915223 1.0 
0.80625 1.00001434715 1.0 
0.806944444444 1.00005503101 1.0 
0.807638888889 0.9999969548 1.0 
0.808333333333 0.999966221804 1.0 
0.809027777778 1.00005587779 1.0 
0.809722222222 1.00021544476 1.0 
0.810416666667 1.00017078173 1.0 
0.811111111111 0.999945457013 1.0 
0.811805555556 1.00005438505 1.0 
0.8125 1.00004730068 1.0 
0.813194444444 1.00000096739 1.0 
0.813888888889 1.0001398901 1.0 
0.814583333333 1.0000616231 1.0 
0.815277777778 1.0000187555 1.0 
0.815972222222 0.999991514948 1.0 
0.816666666667 1.00019761477 1.0 
0.817361111111 1.00012380883 1.0 
0.818055555556 1.00000482272 1.0 
0.81875 1.00016460545 1.0 
0.819444444444 1.00020983324 1.0 
0.820138888889 0.999936811172 1.0 
0.820833333333 1.00018723601 1.0 
0.821527777778 1.00009206316 1.0 
0.822222222222 1.00023462298 1.0 
0.822916666667 1.00007316021 1.0 
0.823611111111 1.00002840216 1.0 
0.824305555556 0.999931816244 1.0 
0.825 1.00007382538 1.0 
0.825694444444 1.00018379044 1.0 
0.826388888889 0.999947903809 1.0 
0.827083333333 1.00002502438 1.0 
0.827777777778 1.00007056319 1.0 
0.828472222222 1.00016180624 1.0 
0.829166666667 1.00009606431 1.0 
0.829861111111 0.999965536863 1.0 
0.830555555556 1.000117659 1.0 
0.83125 1.00003083363 1.0 
0.831944444444 1.00013685205 1.0 
0.832638888889 0.999878823703 1.0 
0.833333333333 1.00009740905 1.0 
0.834027777778 1.00015112398 1.0 
0.834722222222 0.99995106225 1.0 
0.835416666667 1.00012164388 1.0 
0.836111111111 0.999907094392 1.0 
0.836805555556 1.00015441224 1.0 
0.8375 1.00016131938 1.0 
0.838194444444 1.00003775916 1.0 
0.838888888889 1.00008041351 1.0 
0.839583333333 1.0000280686 1.0 
0.840277777778 1.00004382439 1.0 
0.840972222222 1.00016213443 1.0 
0.841666666667 1.00002469452 1.0 
0.842361111111 1.00007404373 1.0 
0.843055555556 1.00002086496 1.0 
0.84375 1.00017802714 1.0 
0.844444444444 1.00020954033 1.0 
0.845138888889 1.00011356718 1.0 
0.845833333333 1.00002357022 1.0 
0.846527777778 1.00011995303 1.0 
0.847222222222 0.999979305289 1.0 
0.847916666667 0.999959132318 1.0 
0.848611111111 0.999810999724 1.0 
0.849305555556 0.999925523421 1.0 
0.85 0.999818211469 1.0 
0.850694444444 1.00012022323 1.0 
0.851388888889 1.0001208851 1.0 
0.852083333333 0.999981302907 1.0 
0.852777777778 0.999991941249 1.0 
0.853472222222 1.0000996986 1.0 
0.854166666667 1.00012795069 1.0 
0.854861111111 0.999999472424 1.0 
0.855555555556 1.00017884644 1.0 
0.85625 1.000077608 1.0 
0.856944444444 1.00005129791 1.0 
0.857638888889 1.00011856323 1.0 
0.858333333333 1.00008758156 1.0 
0.859027777778 1.00002764074 1.0 
0.859722222222 1.00006122113 1.0 
0.860416666667 0.999951879798 1.0 
0.861111111111 1.00002768894 1.0 
0.861805555556 1.00002222978 1.0 
0.8625 0.999936682116 1.0 
0.863194444444 1.00009788878 1.0 
0.863888888889 0.999865147238 1.0 
0.864583333333 1.00002283745 1.0 
0.865277777778 1.00006810541 1.0 
0.865972222222 1.00003904717 1.0 
0.866666666667 1.0000267742 1.0 
0.867361111111 1.00005722867 1.0 
0.868055555556 1.00000287828 1.0 
0.86875 0.999968172496 1.0 
0.869444444444 1.00024060981 1.0 
0.870138888889 1.00009062023 1.0 
0.870833333333 1.00007629773 1.0 
0.871527777778 1.00006045557 1.0 
0.872222222222 1.00006578681 1.0 
0.872916666667 1.00006958267 1.0 
0.873611111111 0.99995817779 1.0 
0.874305555556 0.999944574812 1.0 
0.875 1.00009964503 1.0 
0.875694444444 1.00007977625 1.0 
0.876388888889 1.00007951476 1.0 
0.877083333333 1.00008488177 1.0 
0.877777777778 1.00017230562 1.0 
0.878472222222 0.999969405348 1.0 
0.879166666667 1.0000263038 1.0 
0.879861111111 0.999856791484 1.0 
0.880555555556 1.00012357515 1.0 
0.88125 1.00003013031 1.0 
0.881944444444 1.00011999711 1.0 
0.882638888889 1.00006818513 1.0 
0.883333333333 0.999949153637 1.0 
0.884027777778 0.999933207385 1.0 
0.884722222222 1.00031932836 1.0 
0.885416666667 1.00005797486 1.0 
0.886111111111 1.00004106934 1.0 
0.886805555556 0.999999231216 1.0 
0.8875 1.00004232947 1.0 
0.888194444444 1.00021367204 1.0 
0.888888888889 1.00003469932 1.0 
0.889583333333 1.00005407324 1.0 
0.890277777778 1.00005701971 1.0 
0.890972222222 1.0000263337 1.0 
0.891666666667 1.00020366154 1.0 
0.892361111111 1.00006168431 1.0 
0.893055555556 1.00007777931 1.0 
0.89375 1.0000827239 1.0 
0.894444444444 0.999981588888 1.0 
0.895138888889 0.999981936782 1.0 
0.895833333333 0.999900022861 1.0 
0.896527777778 1.00002800688 1.0 
0.897222222222 0.999960907649 1.0 
0.897916666667 1.00016440843 1.0 
0.898611111111 0.999892126796 1.0 
0.899305555556 0.999959202539 1.0 
0.9 0.999882516137 1.0 
0.900694444444 1.00019304086 1.0 
0.901388888889 1.00000000909 1.0 
0.902083333333 1.00000755574 1.0 
0.902777777778 1.00013499513 1.0 
0.903472222222 1.00011982333 1.0 
0.904166666667 1.0000117962 1.0 
0.904861111111 1.00005834904 1.0 
0.905555555556 0.999882348761 1.0 
0.90625 0.999948688018 1.0 
0.906944444444 1.00004012712 1.0 
0.907638888889 0.999962169926 1.0 
0.908333333333 1.00004586878 1.0 
0.909027777778 0.999964095873 1.0 
0.909722222222 1.00005248303 1.0 
0.910416666667 1.00001067352 1.0 
0.911111111111 0.999941787935 1.0 
0.911805555556 0.999883541745 1.0 
0.9125 1.00003048009 1.0 
0.913194444444 0.999988975724 1.0 
0.913888888889 0.999978287689 1.0 
0.914583333333 1.00013515402 1.0 
0.915277777778 1.00018582371 1.0 
0.915972222222 1.00003844893 1.0 
0.916666666667 0.999960198178 1.0 
0.917361111111 1.00011452651 1.0 
0.918055555556 1.00001694937 1.0 
0.91875 1.00001138813 1.0 
0.919444444444 1.00015352898 1.0 
0.920138888889 1.00010305355 1.0 
0.920833333333 1.00001930792 1.0 
0.921527777778 1.00023175167 1.0 
0.922222222222 1.00004976472 1.0 
0.922916666667 0.999885660211 1.0 
0.923611111111 1.00001588314 1.0 
0.924305555556 1.00000421785 1.0 
0.925 1.00021568198 1.0 
0.925694444444 1.00003634366 1.0 
0.926388888889 1.00011793757 1.0 
0.927083333333 1.00006519618 1.0 
0.927777777778 0.999805429334 1.0 
0.928472222222 1.00001953814 1.0 
0.929166666667 0.999973646741 1.0 
0.929861111111 1.00006587006 1.0 
0.930555555556 0.999975853216 1.0 
0.93125 0.999929856459 1.0 
0.931944444444 1.00004997883 1.0 
0.932638888889 1.00003996254 1.0 
0.933333333333 1.00016358424 1.0 
0.934027777778 1.0000190529 1.0 
0.934722222222 1.00030340347 1.0 
0.935416666667 1.00001435401 1.0 
0.936111111111 1.00007981419 1.0 
0.936805555556 1.00004503701 1.0 
0.9375 1.00001892497 1.0 
0.938194444444 1.00015270339 1.0 
0.938888888889 1.00004964471 1.0 
0.939583333333 1.00006109903 1.0 
0.940277777778 1.00005145477 1.0 
0.940972222222 0.999889280298 1.0 
0.941666666667 1.00010103507 1.0 
0.942361111111 0.999944034891 1.0 
0.943055555556 1.00003896543 1.0 
0.94375 1.00011194856 1.0 
0.944444444444 0.999990629052 1.0 
0.945138888889 1.00015253526 1.0 
0.945833333333 1.00018326942 1.0 
0.946527777778 1.0001334743 1.0 
0.947222222222 1.00011224612 1.0 
0.947916666667 1.00018397017 1.0 
0.948611111111 1.00005672584 1.0 
0.949305555556 1.00008761795 1.0 
0.95 1.0002604134 1.0 
0.950694444444 1.00021883505 1.0 
0.951388888889 1.00012676052 1.0 
0.952083333333 0.999980293554 1.0 
0.952777777778 1.00002501433 1.0 
0.953472222222 0.999936792759 1.0 
0.954166666667 1.0000040991 1.0 
0.954861111111 0.999963030816 1.0 
0.955555555556 1.00005073127 1.0 
0.95625 1.0001206559 1.0 
0.956944444444 1.00003379897 1.0 
0.957638888889 0.999941724302 1.0 
0.958333333333 0.999958894546 1.0 
0.959027777778 1.00004818388 1.0 
0.959722222222 1.0000210425 1.0 
0.960416666667 1.00025049379 1.0 
0.961111111111 1.00006970534 1.0 
0.961805555556 1.00004807181 1.0 
0.9625 1.00028971821 1.0 
0.963194444444 1.00011655705 1.0 
0.963888888889 1.00004860668 1.0 
0.964583333333 0.999917938262 1.0 
0.965277777778 1.00002445848 1.0 
0.965972222222 1.00006835481 1.0 
0.966666666667 1.00020500925 1.0 
0.967361111111 1.00006747302 1.0 
0.968055555556 1.00001216078 1.0 
0.96875 1.00013187778 1.0 
0.969444444444 1.00008718785 1.0 
0.970138888889 1.00009566895 1.0 
0.970833333333 1.00023152224 1.0 
0.971527777778 1.0002145292 1.0 
0.972222222222 0.999952973873 1.0 
0.972916666667 1.0000512554 1.0 
0.973611111111 1.00025153899 1.0 
0.974305555556 0.999904312526 1.0 
0.975 1.00014023045 1.0 
0.975694444444 0.999975291623 1.0 
0.976388888889 1.00018325426 1.0 
0.977083333333 1.00019187173 1.0 
0.977777777778 0.999947005439 1.0 
0.978472222222 1.00010222733 1.0 
0.979166666667 1.00007850361 1.0 
0.979861111111 1.00005076691 1.0 
0.980555555556 0.999929076346 1.0 
0.98125 1.00012983769 1.0 
0.981944444444 1.00021392046 1.0 
0.982638888889 1.00019241244 1.0 
0.983333333333 1.00002500787 1.0 
0.984027777778 1.00007932535 1.0 
0.984722222222 1.00009718732 1.0 
0.985416666667 1.00007025793 1.0 
0.986111111111 1.00019664414 1.0 
0.986805555556 1.00019957328 1.0 
0.9875 1.0000268361 1.0 
0.988194444444 0.999823316413 1.0 
0.988888888889 1.00017184381 1.0 
0.989583333333 1.00012965327 1.0 
0.990277777778 1.00008525513 1.0 
0.990972222222 1.00007377445 1.0 
0.991666666667 1.00017240008 1.0 
0.992361111111 0.999899084307 1.0 
0.993055555556 1.00019867849 1.0 
0.99375 1.00031293141 1.0 
0.994444444444 1.00001801526 1.0 
0.995138888889 1.00015436843 1.0 
0.995833333333 1.00012159887 1.0 
0.996527777778 1.00012370141 1.0 
0.997222222222 0.999890853156 1.0 
0.997916666667 0.999973473564 1.0 
0.998611111111 0.999772882401 1.0 
0.999305555556 0.999927028607 1.0 
1.0 0.999949625181 1.0 
1.00069444444 1.00010267967 1.0 
1.00138888889 1.00022560768 1.0 
1.00208333333 1.00012314284 1.0 
1.00277777778 1.00009730984 1.0 
1.00347222222 1.0000244277 1.0 
1.00416666667 1.00009365748 1.0 
1.00486111111 1.00012822941 1.0 
1.00555555556 1.00015351641 1.0 
1.00625 1.00010724188 1.0 
1.00694444444 1.0001518528 1.0 
1.00763888889 1.00013116125 1.0 
1.00833333333 1.00015664596 1.0 
1.00902777778 1.0000756128 1.0 
1.00972222222 1.00020396191 1.0 
1.01041666667 1.00014981708 1.0 
1.01111111111 0.999945707125 1.0 
1.01180555556 1.00021630133 1.0 
1.0125 1.00009130616 1.0 
1.01319444444 1.00025269515 1.0 
1.01388888889 1.00013679065 1.0 
1.01458333333 0.999977005381 1.0 
1.01527777778 1.00007080151 1.0 
1.01597222222 1.00003641253 1.0 
1.01666666667 1.00005034292 1.0 
1.01736111111 1.00004510433 1.0 
1.01805555556 1.00016012901 1.0 
1.01875 0.99993975375 1.0 
1.01944444444 1.00009014953 1.0 
1.02013888889 1.00000321813 1.0 
1.02083333333 1.00014038738 1.0 
1.02152777778 1.00024706581 1.0 
1.02222222222 1.0000218831 1.0 
1.02291666667 1.00018591302 1.0 
1.02361111111 1.00015385924 1.0 
1.02430555556 1.00008631018 1.0 
1.025 1.00003646875 1.0 
1.02569444444 0.999987494561 1.0 
1.02638888889 0.999992679843 1.0 
1.02708333333 1.00012222905 1.0 
1.02777777778 1.00017362688 1.0 
1.02847222222 1.00008456773 1.0 
1.02916666667 0.999992572637 1.0 
1.02986111111 1.00007980906 1.0 
1.03055555556 1.00014654168 1.0 
1.03125 1.00003890555 1.0 
1.03194444444 1.00020163289 1.0 
1.03263888889 1.00005000349 1.0 
1.03333333333 1.00003861283 1.0 
1.03402777778 1.00001143426 1.0 
1.03472222222 1.00017190037 1.0 
1.03541666667 1.00017057777 1.0 
1.03611111111 0.999967377061 1.0 
1.03680555556 1.00012874335 1.0 
1.0375 1.00005951884 1.0 
1.03819444444 1.00008940608 1.0 
1.03888888889 1.0000932311 1.0 
1.03958333333 0.999945360994 1.0 
1.04027777778 1.00010913514 1.0 
1.04097222222 0.999930605117 1.0 
1.04166666667 1.000011463 1.0 
1.04236111111 1.00007484137 1.0 
1.04305555556 1.00006689138 1.0 
1.04375 1.00017547591 1.0 
1.04444444444 1.00018010937 1.0 
1.04513888889 0.999877696375 1.0 
1.04583333333 1.00020215489 1.0 
1.04652777778 1.00018727499 1.0 
1.04722222222 1.00013374174 1.0 
1.04791666667 0.999956952253 1.0 
1.04861111111 1.00009750374 1.0 
1.04930555556 0.999946528705 1.0 
1.05 1.00014906743 1.0 
1.05069444444 1.00017108757 1.0 
1.05138888889 0.999994593743 1.0 
1.05208333333 1.00012440525 1.0 
1.05277777778 0.999953346915 1.0 
1.05347222222 1.00014079157 1.0 
1.05416666667 1.00003170584 1.0 
1.05486111111 1.00010307792 1.0 
1.05555555556 1.00008270894 1.0 
1.05625 1.00002774202 1.0 
1.05694444444 1.00006440741 1.0 
1.05763888889 0.999918213972 1.0 
1.05833333333 0.999949947738 1.0 
1.05902777778 1.00010685184 1.0 
1.05972222222 1.00012536581 1.0 
1.06041666667 0.999814062914 1.0 
1.06111111111 1.00000212197 1.0 
1.06180555556 1.00007476202 1.0 
1.0625 1.00001611005 1.0 
1.06319444444 1.00011581009 1.0 
1.06388888889 0.999970279314 1.0 
1.06458333333 1.00001894074 1.0 
1.06527777778 1.0001456196 1.0 
1.06597222222 1.00017822208 1.0 
1.06666666667 1.00008942227 1.0 
1.06736111111 1.00031261144 1.0 
1.06805555556 1.00020226177 1.0 
1.06875 1.00020618156 1.0 
1.06944444444 1.00021137566 1.0 
1.07013888889 1.00009916707 1.0 
1.07083333333 1.00021289242 1.0 
1.07152777778 1.00025994438 1.0 
1.07222222222 1.00009498298 1.0 
1.07291666667 0.999941296396 1.0 
1.07361111111 1.00010313988 1.0 
1.07430555556 1.00010299451 1.0 
1.075 0.999878921832 1.0 
1.07569444444 1.00013432371 1.0 
1.07638888889 1.00028261043 1.0 
1.07708333333 1.00002248885 1.0 
1.07777777778 1.00012649317 1.0 
1.07847222222 1.00011064376 1.0 
1.07916666667 1.0003102856 1.0 
1.07986111111 0.99998100585 1.0 
1.08055555556 1.00016123628 1.0 
1.08125 1.00015265817 1.0 
1.08194444444 1.00017762643 1.0 
1.08263888889 1.00006149042 1.0 
1.08333333333 1.00029231455 1.0 
1.08402777778 1.00003792444 1.0 
1.08472222222 1.00001568251 1.0 
1.08541666667 1.00015625137 1.0 
1.08611111111 0.999959099355 1.0 
1.08680555556 1.00013508162 1.0 
1.0875 1.00018160268 1.0 
1.08819444444 1.00006091491 1.0 
1.08888888889 1.00006300482 1.0 
1.08958333333 1.00008120244 1.0 
1.09027777778 0.999894093812 1.0 
1.09097222222 1.00000697369 1.0 
1.09166666667 1.00003163204 1.0 
1.09236111111 1.00014166717 1.0 
1.09305555556 0.999971352827 1.0 
1.09375 0.999972355082 1.0 
1.09444444444 1.00019583179 1.0 
1.09513888889 1.00014937851 1.0 
1.09583333333 1.00007699366 1.0 
1.09652777778 1.00021382598 1.0 
1.09722222222 1.00019369964 1.0 
1.09791666667 1.00020092918 1.0 
1.09861111111 1.00013035892 1.0 
1.09930555556 1.00006815017 1.0 
1.1 1.0001735292 1.0 
